C:\Users\10922\.conda\envs\python38\python.exe C:/Users/10922/Desktop/pdfs/AIC/project/BPR_MF3/main.py 
tensor([-0.0620,  0.0356,  0.0731,  0.0237,  0.0552, -0.0025,  0.0157,  0.0166,
        -0.0308,  0.0179, -0.0284,  0.0234,  0.0395,  0.0149, -0.0286, -0.0025,
         0.0067, -0.0509, -0.0893, -0.0506,  0.0584, -0.0067,  0.0453,  0.0012,
        -0.0458, -0.0631,  0.0504,  0.0009, -0.0049, -0.0306, -0.0828, -0.0813],
       grad_fn=<SelectBackward0>) tensor([ 0.0896,  0.0684,  0.0222, -0.0586,  0.0157,  0.0233, -0.0430,  0.0426,
         0.0431, -0.0168,  0.0779, -0.0425, -0.0945, -0.0271, -0.0376, -0.1061,
         0.0095,  0.0532,  0.0137,  0.0181, -0.0080,  0.1084, -0.1221, -0.0553,
        -0.0528,  0.1183, -0.0750,  0.0554, -0.0400,  0.1176,  0.0500,  0.1004],
       grad_fn=<SelectBackward0>)
The test AUC is: 0.7231747779863618
total_test_data_count: 3873
MAP: 0.01830047274436023
MRR: 0.1726895024532528
Prec@10: 0.031809966434288274
Rec@10: 0.04368650793034722
F1@10: 0.03259241973480673
NDCG@10: 0.04658554457117642
1-call@10: 0.2370255615801704
13.041571617126465
The time elapse of epoch 000 is: 00: 01: 20
tensor([-0.1402,  0.0275,  0.1397,  0.0599,  0.0835,  0.0216,  0.0447,  0.0425,
        -0.0750,  0.0542, -0.0605,  0.0440,  0.0776,  0.0523,  0.0085,  0.0329,
         0.0797, -0.0887, -0.1862, -0.1019,  0.1262, -0.0427,  0.0889,  0.0334,
        -0.0288, -0.1232,  0.0966, -0.0123,  0.0387, -0.0730, -0.1649, -0.1701],
       grad_fn=<SelectBackward0>) tensor([ 0.2350,  0.2011,  0.0595, -0.1720,  0.1044, -0.0317, -0.1641,  0.0962,
         0.1768, -0.1167,  0.2126, -0.1696, -0.2386, -0.1411, -0.1679, -0.2469,
         0.0006,  0.1625,  0.1104,  0.1329, -0.0596,  0.2540, -0.2636, -0.1862,
        -0.1832,  0.2670, -0.2086,  0.1738, -0.1657,  0.2633,  0.1692,  0.2530],
       grad_fn=<SelectBackward0>)
The test AUC is: 0.7363093125043426
total_test_data_count: 3873
MAP: 0.019334884598833903
MRR: 0.17574516885128963
Prec@10: 0.03346243222308246
Rec@10: 0.04754903085850897
F1@10: 0.03477255837423267
NDCG@10: 0.049201756714900007
1-call@10: 0.2507100438936225
13.111268997192383
The time elapse of epoch 001 is: 00: 01: 21
tensor([-0.1995,  0.0239,  0.1814,  0.0755,  0.1023,  0.0362,  0.0730,  0.0555,
        -0.1110,  0.0805, -0.0858,  0.0772,  0.1043,  0.1084,  0.0202,  0.0612,
         0.1737, -0.1182, -0.2733, -0.1491,  0.1710, -0.0676,  0.1165,  0.0550,
        -0.0046, -0.1679,  0.1304, -0.0179,  0.0817, -0.0986, -0.2329, -0.2524],
       grad_fn=<SelectBackward0>) tensor([ 0.3410,  0.2761,  0.0829, -0.2629,  0.1433, -0.0814, -0.2454,  0.1318,
         0.2650, -0.1793,  0.3143, -0.2440, -0.3248, -0.2092, -0.2606, -0.3375,
        -0.0025,  0.2423,  0.1775,  0.2049, -0.0843,  0.3560, -0.3474, -0.2564,
        -0.2582,  0.3702, -0.2892,  0.2642, -0.2464,  0.3494,  0.2570,  0.3598],
       grad_fn=<SelectBackward0>)
The test AUC is: 0.7462561232732937
total_test_data_count: 3873
MAP: 0.020204382090650237
MRR: 0.1786547280931497
Prec@10: 0.034572682674928495
Rec@10: 0.04980128600807719
F1@10: 0.03611583886652756
NDCG@10: 0.05109035241318245
1-call@10: 0.2587141750580945
13.3989999294281
The time elapse of epoch 002 is: 00: 01: 25
tensor([-0.2419,  0.0318,  0.2135,  0.0832,  0.1265,  0.0454,  0.0777,  0.0984,
        -0.1272,  0.1096, -0.0970,  0.0901,  0.1125,  0.1540,  0.0243,  0.0706,
         0.2373, -0.1368, -0.3478, -0.1729,  0.1895, -0.0843,  0.1316,  0.0598,
         0.0012, -0.2036,  0.1538, -0.0217,  0.1116, -0.1068, -0.2821, -0.3168],
       grad_fn=<SelectBackward0>) tensor([ 0.4196,  0.3162,  0.0770, -0.3125,  0.1451, -0.1054, -0.2886,  0.1344,
         0.3266, -0.2246,  0.3982, -0.2980, -0.3829, -0.2321, -0.3211, -0.3952,
         0.0166,  0.2925,  0.2090,  0.2387, -0.0702,  0.4297, -0.4042, -0.2975,
        -0.3032,  0.4452, -0.3404,  0.3413, -0.2843,  0.4010,  0.3291,  0.4350],
       grad_fn=<SelectBackward0>)
The test AUC is: 0.7541558476761874
total_test_data_count: 3873
MAP: 0.020828741282261684
MRR: 0.18084356903102272
Prec@10: 0.03547637490317529
Rec@10: 0.05122252940640635
F1@10: 0.037068553155191815
NDCG@10: 0.05251645292368907
1-call@10: 0.26723470178156467
13.243075370788574
The time elapse of epoch 003 is: 00: 01: 21
tensor([-0.2737,  0.0570,  0.2397,  0.0611,  0.1678,  0.0398,  0.0568,  0.1417,
        -0.1289,  0.1157, -0.0990,  0.0931,  0.1013,  0.1963, -0.0011,  0.0602,
         0.3109, -0.1222, -0.4057, -0.1746,  0.2008, -0.0721,  0.1314,  0.0432,
        -0.0102, -0.2287,  0.1509, -0.0149,  0.1075, -0.0931, -0.3424, -0.3710],
       grad_fn=<SelectBackward0>) tensor([ 0.4783,  0.3368,  0.0803, -0.3515,  0.1454, -0.1361, -0.3113,  0.1186,
         0.3789, -0.2630,  0.4515, -0.3149, -0.4228, -0.2410, -0.3535, -0.4305,
         0.0343,  0.3056,  0.2187,  0.2454, -0.0348,  0.4903, -0.4355, -0.3107,
        -0.3283,  0.5041, -0.3642,  0.3974, -0.2994,  0.4332,  0.3735,  0.4960],
       grad_fn=<SelectBackward0>)
the validation AUC is : 0.7578179969516755
total_test_data_count: 3873
MAP: 0.02090750548252867
MRR: 0.1796628544304779
Prec@10: 0.03663826491092119
Rec@10: 0.05297359797750557
F1@10: 0.03830130514911857
NDCG@10: 0.05329625601648126
1-call@10: 0.2721404595920475
12.969551086425781
The time elapse of epoch 004 is: 00: 01: 22
tensor([-0.2963,  0.0906,  0.2591,  0.0369,  0.2007,  0.0252,  0.0419,  0.1842,
        -0.1288,  0.1169, -0.0876,  0.0900,  0.0844,  0.2114, -0.0202,  0.0499,
         0.3453, -0.1072, -0.4483, -0.1749,  0.1988, -0.0647,  0.1180,  0.0252,
        -0.0214, -0.2484,  0.1506, -0.0038,  0.1162, -0.0809, -0.3981, -0.4239],
       grad_fn=<SelectBackward0>) tensor([ 0.5280,  0.3515,  0.0821, -0.3784,  0.1334, -0.1590, -0.3415,  0.1094,
         0.4110, -0.2893,  0.4887, -0.3177, -0.4432, -0.2393, -0.3950, -0.4619,
         0.0427,  0.3278,  0.2254,  0.2474,  0.0106,  0.5485, -0.4560, -0.3142,
        -0.3503,  0.5462, -0.3835,  0.4306, -0.3106,  0.4517,  0.4166,  0.5649],
       grad_fn=<SelectBackward0>)
The test AUC is: 0.7670696689063318
total_test_data_count: 3873
MAP: 0.021603434546847655
MRR: 0.18222005567087118
Prec@10: 0.03723211980376907
Rec@10: 0.05411280860999179
F1@10: 0.03898859666137637
NDCG@10: 0.05455727129218994
1-call@10: 0.27446423960753935
12.997076988220215
The time elapse of epoch 005 is: 00: 01: 22
tensor([-3.2635e-01,  1.2417e-01,  2.7400e-01,  1.3160e-02,  2.0590e-01,
         2.1832e-02,  2.0307e-03,  2.2201e-01, -1.3769e-01,  1.2313e-01,
        -7.4089e-02,  1.0658e-01,  7.0833e-02,  2.3249e-01, -4.1995e-02,
         4.2273e-02,  3.9984e-01, -9.1588e-02, -4.8537e-01, -1.8148e-01,
         1.8031e-01, -5.9939e-02,  1.1491e-01,  9.3058e-03, -2.7278e-02,
        -2.7399e-01,  1.5611e-01, -1.6401e-04,  1.1958e-01, -6.6454e-02,
        -4.4267e-01, -4.8602e-01], grad_fn=<SelectBackward0>) tensor([ 0.5808,  0.3439,  0.0727, -0.4023,  0.1244, -0.1711, -0.3674,  0.0793,
         0.4321, -0.3074,  0.5135, -0.3097, -0.4569, -0.2326, -0.4369, -0.4868,
         0.0556,  0.3552,  0.2423,  0.2407,  0.0621,  0.6063, -0.4680, -0.2997,
        -0.3597,  0.5756, -0.3934,  0.4595, -0.3126,  0.4543,  0.4521,  0.6305],
       grad_fn=<SelectBackward0>)
The test AUC is: 0.771612153079158
total_test_data_count: 3873
MAP: 0.022022939176943035
MRR: 0.1828316919331664
Prec@10: 0.03718048024786927
Rec@10: 0.05535394508473743
F1@10: 0.03913714304073108
NDCG@10: 0.055212717634379495
1-call@10: 0.27575522850503487
34.05164194107056
The time elapse of epoch 006 is: 00: 02: 35
tensor([-0.3504,  0.1695,  0.2773, -0.0023,  0.2269,  0.0009, -0.0393,  0.2726,
        -0.1387,  0.1173, -0.0450,  0.1234,  0.0476,  0.2513, -0.0676,  0.0292,
         0.4460, -0.0718, -0.5279, -0.1745,  0.1500, -0.0532,  0.0989, -0.0198,
        -0.0389, -0.2917,  0.1575,  0.0069,  0.1214, -0.0395, -0.4728, -0.5520],
       grad_fn=<SelectBackward0>) tensor([ 0.6285,  0.3302,  0.0530, -0.4267,  0.1170, -0.1738, -0.3772,  0.0530,
         0.4472, -0.3224,  0.5320, -0.2834, -0.4590, -0.2058, -0.4803, -0.5098,
         0.0674,  0.3695,  0.2430,  0.2367,  0.1144,  0.6621, -0.4676, -0.2778,
        -0.3726,  0.5886, -0.4040,  0.4866, -0.3107,  0.4508,  0.4759,  0.6888],
       grad_fn=<SelectBackward0>)
The test AUC is: 0.7747075937970551
total_test_data_count: 3873
MAP: 0.022096243495733973
MRR: 0.1823993969423893
Prec@10: 0.0375677769171179
Rec@10: 0.056452167855463115
F1@10: 0.03973143276145138
NDCG@10: 0.055569606773262045
1-call@10: 0.2791117996385231
20.37538504600525
The time elapse of epoch 007 is: 00: 01: 51
tensor([-0.3789,  0.2059,  0.3012, -0.0259,  0.2440, -0.0160, -0.0637,  0.3058,
        -0.1471,  0.1175, -0.0211,  0.1200,  0.0272,  0.2902, -0.0915,  0.0248,
         0.4967, -0.0474, -0.5550, -0.1674,  0.1419, -0.0502,  0.0969, -0.0410,
        -0.0403, -0.3198,  0.1577,  0.0193,  0.1260, -0.0206, -0.5208, -0.6107],
       grad_fn=<SelectBackward0>) tensor([ 0.6751,  0.3092,  0.0525, -0.4448,  0.0977, -0.1708, -0.3794,  0.0294,
         0.4568, -0.3264,  0.5441, -0.2565, -0.4529, -0.1854, -0.5107, -0.5259,
         0.0795,  0.3892,  0.2544,  0.2202,  0.1723,  0.7063, -0.4607, -0.2479,
        -0.3666,  0.5962, -0.4047,  0.5027, -0.2952,  0.4414,  0.4990,  0.7376],
       grad_fn=<SelectBackward0>)
The test AUC is: 0.7766167650750524
total_test_data_count: 3873
MAP: 0.022329676341954867
MRR: 0.1826801730558532
Prec@10: 0.037696875806867446
Rec@10: 0.05619888864381794
F1@10: 0.039796608885955535
NDCG@10: 0.05576303518751941
1-call@10: 0.27807900852052675
29.43473792076111
The time elapse of epoch 008 is: 00: 02: 26
tensor([-0.4143,  0.2349,  0.3172, -0.0415,  0.2501, -0.0392, -0.0835,  0.3331,
        -0.1551,  0.1195, -0.0040,  0.1239,  0.0137,  0.3253, -0.1107,  0.0194,
         0.5264, -0.0292, -0.5930, -0.1759,  0.1236, -0.0577,  0.0962, -0.0600,
        -0.0335, -0.3428,  0.1698,  0.0279,  0.1340, -0.0094, -0.5732, -0.6898],
       grad_fn=<SelectBackward0>) tensor([ 7.3464e-01,  2.9686e-01,  4.1255e-02, -4.7605e-01,  7.3841e-02,
        -1.7179e-01, -3.9506e-01, -5.2399e-05,  4.6213e-01, -3.3812e-01,
         5.6358e-01, -2.3835e-01, -4.5870e-01, -1.7310e-01, -5.3844e-01,
        -5.4890e-01,  8.7750e-02,  4.1001e-01,  2.6987e-01,  2.0464e-01,
         2.2664e-01,  7.6749e-01, -4.5341e-01, -2.2244e-01, -3.7484e-01,
         6.1153e-01, -4.1193e-01,  5.1712e-01, -2.8807e-01,  4.4052e-01,
         5.3274e-01,  7.9523e-01], grad_fn=<SelectBackward0>)
the validation AUC is : 0.7761599290699218
total_test_data_count: 3873
MAP: 0.02255906489826485
MRR: 0.1849630344982812
Prec@10: 0.037490317583268165
Rec@10: 0.05560682248425196
F1@10: 0.03957939780401346
NDCG@10: 0.05604624643560042
1-call@10: 0.2791117996385231
27.134222507476807
The time elapse of epoch 009 is: 00: 01: 57
tensor([-0.4546,  0.2598,  0.3196, -0.0639,  0.2508, -0.0426, -0.1125,  0.3678,
        -0.1822,  0.1276,  0.0077,  0.1481,  0.0078,  0.3564, -0.1193,  0.0160,
         0.5666, -0.0238, -0.6346, -0.1984,  0.1089, -0.0624,  0.1031, -0.0801,
        -0.0316, -0.3857,  0.1837,  0.0219,  0.1431,  0.0011, -0.5966, -0.7535],
       grad_fn=<SelectBackward0>) tensor([ 0.7753,  0.2763,  0.0202, -0.4950,  0.0653, -0.1744, -0.4046, -0.0272,
         0.4723, -0.3562,  0.5683, -0.2266, -0.4507, -0.1630, -0.5711, -0.5686,
         0.1044,  0.4251,  0.2741,  0.1940,  0.2707,  0.8219, -0.4457, -0.1909,
        -0.3884,  0.6164, -0.4163,  0.5270, -0.2815,  0.4392,  0.5501,  0.8522],
       grad_fn=<SelectBackward0>)
The test AUC is: 0.7783370249452111
total_test_data_count: 3873
MAP: 0.022314402405325343
MRR: 0.18370803680641257
Prec@10: 0.037051381358119716
Rec@10: 0.05530264938941256
F1@10: 0.03913132436009785
NDCG@10: 0.05550770779563292
1-call@10: 0.2754970307255358
27.151317358016968
The time elapse of epoch 010 is: 00: 01: 43
tensor([-0.4953,  0.2775,  0.3147, -0.0796,  0.2524, -0.0545, -0.1361,  0.3934,
        -0.2061,  0.1297,  0.0131,  0.1727,  0.0096,  0.4068, -0.1265,  0.0274,
         0.6112, -0.0214, -0.6825, -0.2243,  0.0982, -0.0864,  0.1145, -0.0867,
        -0.0191, -0.4202,  0.2080,  0.0172,  0.1626,  0.0082, -0.6285, -0.8151],
       grad_fn=<SelectBackward0>) tensor([ 0.8080,  0.2529,  0.0032, -0.5020,  0.0552, -0.1620, -0.4028, -0.0503,
         0.4810, -0.3620,  0.5733, -0.2101, -0.4377, -0.1584, -0.5934, -0.5766,
         0.1300,  0.4394,  0.2757,  0.1750,  0.3191,  0.8645, -0.4274, -0.1566,
        -0.3896,  0.6169, -0.4101,  0.5423, -0.2618,  0.4213,  0.5569,  0.8992],
       grad_fn=<SelectBackward0>)
The test AUC is: 0.7786477536605979
total_test_data_count: 3873
MAP: 0.022488158340532378
MRR: 0.1839512196212453
Prec@10: 0.03743867802736834
Rec@10: 0.05566180474289409
F1@10: 0.03943968456091149
NDCG@10: 0.05586599913144091
1-call@10: 0.2770462174025303
14.923887491226196
The time elapse of epoch 011 is: 00: 01: 31
tensor([-0.5241,  0.3148,  0.3328, -0.1050,  0.2597, -0.0704, -0.1614,  0.4263,
        -0.2212,  0.1353,  0.0323,  0.1891, -0.0118,  0.4394, -0.1379,  0.0172,
         0.6443, -0.0229, -0.7190, -0.2223,  0.0861, -0.0881,  0.1122, -0.1101,
        -0.0209, -0.4333,  0.2221,  0.0255,  0.1688,  0.0248, -0.6436, -0.8730],
       grad_fn=<SelectBackward0>) tensor([ 8.4993e-01,  2.3392e-01, -4.7787e-04, -5.2094e-01,  4.1394e-02,
        -1.6290e-01, -4.1590e-01, -6.9884e-02,  4.7152e-01, -3.8048e-01,
         5.6433e-01, -1.7895e-01, -4.2459e-01, -1.6095e-01, -6.1877e-01,
        -6.0229e-01,  1.4541e-01,  4.7593e-01,  3.0460e-01,  1.6718e-01,
         3.6774e-01,  9.2097e-01, -4.0597e-01, -1.2363e-01, -3.9368e-01,
         6.1083e-01, -4.1354e-01,  5.3750e-01, -2.5773e-01,  3.9974e-01,
         5.7744e-01,  9.4595e-01], grad_fn=<SelectBackward0>)
The test AUC is: 0.7784896691051905
total_test_data_count: 3873
MAP: 0.022416922436271643
MRR: 0.18354010579030208
Prec@10: 0.037412858249418444
Rec@10: 0.05529184302409243
F1@10: 0.0393649626227044
NDCG@10: 0.05561034496175252
1-call@10: 0.2754970307255358
13.821982145309448
The time elapse of epoch 012 is: 00: 01: 33
tensor([-0.5540,  0.3546,  0.3349, -0.1118,  0.2673, -0.0812, -0.1841,  0.4482,
        -0.2359,  0.1375,  0.0427,  0.2022, -0.0296,  0.4614, -0.1502, -0.0013,
         0.6685, -0.0081, -0.7470, -0.2147,  0.0613, -0.0874,  0.1051, -0.1405,
        -0.0270, -0.4601,  0.2268,  0.0228,  0.1772,  0.0538, -0.6687, -0.9273],
       grad_fn=<SelectBackward0>) tensor([ 0.8806,  0.2134, -0.0140, -0.5494,  0.0332, -0.1575, -0.4181, -0.0970,
         0.4667, -0.3877,  0.5572, -0.1518, -0.4070, -0.1573, -0.6404, -0.6153,
         0.1710,  0.5036,  0.3224,  0.1552,  0.4160,  0.9738, -0.3829, -0.0819,
        -0.3979,  0.6020, -0.4034,  0.5391, -0.2455,  0.3834,  0.5926,  0.9900],
       grad_fn=<SelectBackward0>)
The test AUC is: 0.7781158732535386
total_test_data_count: 3873
MAP: 0.02222433031872854
MRR: 0.1820209956151109
Prec@10: 0.037154660469919366
Rec@10: 0.05538988555468773
F1@10: 0.039205966343426324
NDCG@10: 0.05517485241205191
1-call@10: 0.27394784404854117
29.90388798713684
The time elapse of epoch 013 is: 00: 25: 50
tensor([-0.5822,  0.3877,  0.3522, -0.1216,  0.2806, -0.0933, -0.2114,  0.4721,
        -0.2445,  0.1306,  0.0550,  0.2248, -0.0464,  0.4815, -0.1739, -0.0135,
         0.6973, -0.0031, -0.7608, -0.2089,  0.0388, -0.0900,  0.1026, -0.1561,
        -0.0265, -0.4879,  0.2413,  0.0261,  0.1767,  0.0735, -0.6835, -0.9821],
       grad_fn=<SelectBackward0>) tensor([ 0.9069,  0.1941, -0.0163, -0.5628,  0.0222, -0.1434, -0.4257, -0.1253,
         0.4667, -0.4068,  0.5530, -0.1290, -0.3860, -0.1504, -0.6605, -0.6278,
         0.1857,  0.5184,  0.3373,  0.1455,  0.4723,  1.0282, -0.3646, -0.0385,
        -0.4108,  0.5925, -0.3980,  0.5429, -0.2387,  0.3746,  0.6086,  1.0431],
       grad_fn=<SelectBackward0>)
the validation AUC is : 0.7764416031991165
total_test_data_count: 3873
MAP: 0.021998602707631182
MRR: 0.18184482127162452
Prec@10: 0.036380067131422104
Rec@10: 0.05457764760935317
F1@10: 0.03842338235657862
NDCG@10: 0.05453384594142642
1-call@10: 0.26955848179705655
31.046725749969482
The time elapse of epoch 014 is: 00: 02: 35
tensor([-0.5964,  0.4165,  0.3552, -0.1375,  0.2860, -0.0949, -0.2221,  0.4950,
        -0.2582,  0.1505,  0.0841,  0.2310, -0.0701,  0.4995, -0.1867, -0.0199,
         0.7183, -0.0070, -0.7853, -0.2173,  0.0235, -0.0914,  0.0961, -0.1653,
        -0.0124, -0.5035,  0.2578,  0.0316,  0.1889,  0.0971, -0.7053, -1.0336],
       grad_fn=<SelectBackward0>) tensor([ 0.9232,  0.1813, -0.0200, -0.5767,  0.0290, -0.1318, -0.4354, -0.1327,
         0.4645, -0.4237,  0.5414, -0.1120, -0.3676, -0.1490, -0.6741, -0.6430,
         0.2056,  0.5265,  0.3479,  0.1512,  0.5045,  1.0710, -0.3557, -0.0137,
        -0.4278,  0.5888, -0.3988,  0.5436, -0.2398,  0.3648,  0.6187,  1.0919],
       grad_fn=<SelectBackward0>)
The test AUC is: 0.7768759339575952
total_test_data_count: 3873
MAP: 0.021745334117254794
MRR: 0.1801575192744848
Prec@10: 0.03619932868577276
Rec@10: 0.05418362135353645
F1@10: 0.03828318148746912
NDCG@10: 0.05399207958698188
1-call@10: 0.26955848179705655
28.094053745269775
The time elapse of epoch 015 is: 00: 02: 34
tensor([-0.6165,  0.4477,  0.3506, -0.1401,  0.2745, -0.1003, -0.2417,  0.5143,
        -0.2867,  0.1592,  0.1040,  0.2517, -0.0845,  0.5288, -0.1938, -0.0298,
         0.7214,  0.0032, -0.7980, -0.2208,  0.0154, -0.0928,  0.0991, -0.1812,
        -0.0033, -0.5371,  0.2753,  0.0184,  0.1884,  0.1160, -0.7353, -1.0941],
       grad_fn=<SelectBackward0>) tensor([ 0.9449,  0.1597, -0.0291, -0.5939,  0.0198, -0.1284, -0.4422, -0.1467,
         0.4667, -0.4351,  0.5343, -0.0849, -0.3572, -0.1449, -0.6926, -0.6592,
         0.2353,  0.5385,  0.3520,  0.1499,  0.5394,  1.1100, -0.3436,  0.0186,
        -0.4365,  0.5826, -0.3889,  0.5416, -0.2235,  0.3566,  0.6361,  1.1403],
       grad_fn=<SelectBackward0>)
The test AUC is: 0.7759313041848959
total_test_data_count: 3873
MAP: 0.021602116778451315
MRR: 0.1790999609163839
Prec@10: 0.036096049573973096
Rec@10: 0.05447578856187387
F1@10: 0.03825239756866961
NDCG@10: 0.05378318912119023
1-call@10: 0.27162406403304934
30.36548638343811
The time elapse of epoch 016 is: 00: 02: 36
tensor([-0.6412,  0.4631,  0.3545, -0.1501,  0.2806, -0.1058, -0.2558,  0.5391,
        -0.3059,  0.1581,  0.1013,  0.2693, -0.0921,  0.5518, -0.1981, -0.0305,
         0.7482,  0.0049, -0.8292, -0.2345,  0.0110, -0.1026,  0.1114, -0.1896,
        -0.0031, -0.5583,  0.2857,  0.0140,  0.2029,  0.1146, -0.7540, -1.1394],
       grad_fn=<SelectBackward0>) tensor([ 0.9761,  0.1560, -0.0374, -0.6181,  0.0207, -0.1326, -0.4613, -0.1637,
         0.4688, -0.4583,  0.5316, -0.0777, -0.3498, -0.1583, -0.7179, -0.6908,
         0.2481,  0.5651,  0.3723,  0.1532,  0.5737,  1.1702, -0.3371,  0.0435,
        -0.4597,  0.5840, -0.4008,  0.5406, -0.2281,  0.3535,  0.6600,  1.1926],
       grad_fn=<SelectBackward0>)
The test AUC is: 0.7751260232044688
total_test_data_count: 3873
MAP: 0.02153839752732459
MRR: 0.17903008358082084
Prec@10: 0.03565711334882464
Rec@10: 0.05398073248250765
F1@10: 0.037840158689636035
NDCG@10: 0.05342561574798772
1-call@10: 0.2687838884585593
30.928290605545044
The time elapse of epoch 017 is: 00: 02: 40
tensor([-0.6564,  0.4851,  0.3622, -0.1564,  0.2829, -0.1130, -0.2629,  0.5670,
        -0.3115,  0.1626,  0.1125,  0.2861, -0.0978,  0.5812, -0.1988, -0.0308,
         0.7792, -0.0054, -0.8520, -0.2546,  0.0029, -0.1107,  0.1161, -0.2077,
        -0.0042, -0.5806,  0.2958,  0.0124,  0.2206,  0.1247, -0.7718, -1.1776],
       grad_fn=<SelectBackward0>) tensor([ 1.0010,  0.1284, -0.0627, -0.6201,  0.0151, -0.1244, -0.4614, -0.1777,
         0.4849, -0.4781,  0.5308, -0.0628, -0.3525, -0.1571, -0.7520, -0.7111,
         0.2828,  0.5758,  0.3711,  0.1495,  0.6134,  1.2123, -0.3293,  0.0754,
        -0.4737,  0.5829, -0.3836,  0.5533, -0.2224,  0.3409,  0.6706,  1.2462],
       grad_fn=<SelectBackward0>)
The test AUC is: 0.7742166921119668
total_test_data_count: 3873
MAP: 0.02114078601286813
MRR: 0.17745775970020874
Prec@10: 0.03542473534727549
Rec@10: 0.05287323359347266
F1@10: 0.03741563551334564
NDCG@10: 0.05261306418370787
1-call@10: 0.265427317325071
28.41623878479004
The time elapse of epoch 018 is: 00: 02: 33
tensor([-6.6629e-01,  5.1386e-01,  3.4869e-01, -1.7009e-01,  2.9146e-01,
        -1.1758e-01, -2.8695e-01,  5.9994e-01, -3.2489e-01,  1.5942e-01,
         1.2218e-01,  3.0754e-01, -1.1380e-01,  5.9897e-01, -2.1202e-01,
        -3.4669e-02,  8.0133e-01,  3.6692e-03, -8.6437e-01, -2.7116e-01,
        -2.4578e-02, -1.0151e-01,  1.1404e-01, -2.3360e-01,  7.4350e-04,
        -5.9480e-01,  3.0288e-01,  1.1604e-02,  2.1154e-01,  1.4362e-01,
        -7.7973e-01, -1.2083e+00], grad_fn=<SelectBackward0>) tensor([ 1.0337,  0.1084, -0.0688, -0.6334,  0.0020, -0.1073, -0.4605, -0.2020,
         0.4877, -0.4697,  0.5327, -0.0525, -0.3429, -0.1506, -0.7659, -0.7201,
         0.2915,  0.5851,  0.3825,  0.1320,  0.6463,  1.2474, -0.3201,  0.1117,
        -0.4700,  0.5779, -0.3771,  0.5670, -0.2126,  0.3329,  0.6766,  1.2809],
       grad_fn=<SelectBackward0>)
the validation AUC is : 0.7722695383800754
total_test_data_count: 3873
MAP: 0.020847882355967857
MRR: 0.1773105441192206
Prec@10: 0.03475342112057786
Rec@10: 0.0520969318143647
F1@10: 0.036845293487254495
NDCG@10: 0.05193954893849241
1-call@10: 0.26207074619158277
30.80026364326477
The time elapse of epoch 019 is: 00: 02: 36
tensor([-0.6916,  0.5327,  0.3439, -0.1831,  0.3021, -0.1257, -0.2980,  0.6039,
        -0.3498,  0.1471,  0.1328,  0.3235, -0.1239,  0.6300, -0.2232, -0.0264,
         0.8160,  0.0028, -0.8672, -0.2875, -0.0320, -0.1142,  0.1160, -0.2570,
         0.0031, -0.6113,  0.3107,  0.0129,  0.2124,  0.1578, -0.7791, -1.2586],
       grad_fn=<SelectBackward0>) tensor([ 1.0442,  0.0988, -0.0656, -0.6472, -0.0050, -0.1010, -0.4612, -0.2160,
         0.4881, -0.4773,  0.5241, -0.0437, -0.3269, -0.1482, -0.7738, -0.7188,
         0.2981,  0.5976,  0.3939,  0.1266,  0.6778,  1.2744, -0.3152,  0.1353,
        -0.4709,  0.5674, -0.3751,  0.5717, -0.2132,  0.3270,  0.6745,  1.3058],
       grad_fn=<SelectBackward0>)
The test AUC is: 0.772436075961638
total_test_data_count: 3873
MAP: 0.02093823315301791
MRR: 0.17685922893126693
Prec@10: 0.03444358378517898
Rec@10: 0.052135242301776276
F1@10: 0.03659903000069166
NDCG@10: 0.05177824109788583
1-call@10: 0.2587141750580945
21.582597494125366
The time elapse of epoch 020 is: 00: 02: 26
tensor([-0.7042,  0.5541,  0.3353, -0.1931,  0.3069, -0.1375, -0.3067,  0.6197,
        -0.3646,  0.1442,  0.1441,  0.3345, -0.1366,  0.6483, -0.2280, -0.0203,
         0.8329, -0.0034, -0.8833, -0.3028, -0.0445, -0.1147,  0.1157, -0.2721,
         0.0137, -0.6278,  0.3213,  0.0039,  0.2236,  0.1735, -0.7878, -1.3020],
       grad_fn=<SelectBackward0>) tensor([ 1.0733,  0.0880, -0.0680, -0.6561, -0.0094, -0.1068, -0.4738, -0.2198,
         0.4803, -0.4943,  0.5189, -0.0329, -0.3088, -0.1538, -0.7768, -0.7359,
         0.3101,  0.6227,  0.4064,  0.1277,  0.7069,  1.3151, -0.3165,  0.1618,
        -0.4677,  0.5473, -0.3784,  0.5681, -0.2085,  0.3130,  0.6875,  1.3310],
       grad_fn=<SelectBackward0>)
The test AUC is: 0.771532007726289
total_test_data_count: 3873
MAP: 0.020773184192286968
MRR: 0.17592519008088428
Prec@10: 0.034391944229279166
Rec@10: 0.051342381258620014
F1@10: 0.03640232588960731
NDCG@10: 0.05135611028662048
1-call@10: 0.2592305706170927
29.272862434387207
The time elapse of epoch 021 is: 00: 02: 26
tensor([-0.7173,  0.5641,  0.3394, -0.1982,  0.3194, -0.1426, -0.3168,  0.6143,
        -0.3751,  0.1488,  0.1574,  0.3475, -0.1426,  0.6625, -0.2287, -0.0229,
         0.8547, -0.0179, -0.9065, -0.3217, -0.0430, -0.1053,  0.1237, -0.2819,
         0.0193, -0.6308,  0.3343,  0.0109,  0.2418,  0.1765, -0.8122, -1.3414],
       grad_fn=<SelectBackward0>) tensor([ 1.0904,  0.0786, -0.0732, -0.6647, -0.0087, -0.0891, -0.4877, -0.2224,
         0.4703, -0.4943,  0.5188, -0.0278, -0.2918, -0.1497, -0.7826, -0.7383,
         0.3165,  0.6302,  0.4146,  0.1202,  0.7244,  1.3452, -0.3227,  0.1835,
        -0.4780,  0.5399, -0.3756,  0.5624, -0.2107,  0.3129,  0.6966,  1.3516],
       grad_fn=<SelectBackward0>)
The test AUC is: 0.7706053123901454
total_test_data_count: 3873
MAP: 0.020525399661187528
MRR: 0.17572280475069102
Prec@10: 0.034133746449780074
Rec@10: 0.05118021567112155
F1@10: 0.036144521351690856
NDCG@10: 0.05095359037914138
1-call@10: 0.2571649883810999
31.561405658721924
The time elapse of epoch 022 is: 00: 02: 45
tensor([-0.7276,  0.5731,  0.3384, -0.2161,  0.3264, -0.1367, -0.3266,  0.6316,
        -0.4008,  0.1555,  0.1674,  0.3588, -0.1545,  0.6784, -0.2397, -0.0321,
         0.8588, -0.0333, -0.9254, -0.3239, -0.0471, -0.1071,  0.1183, -0.3016,
         0.0155, -0.6439,  0.3566,  0.0084,  0.2427,  0.1850, -0.8126, -1.3838],
       grad_fn=<SelectBackward0>) tensor([ 1.0984,  0.0722, -0.0870, -0.6711, -0.0099, -0.0815, -0.4964, -0.2284,
         0.4716, -0.5064,  0.5061, -0.0173, -0.2721, -0.1574, -0.7990, -0.7472,
         0.3434,  0.6366,  0.4216,  0.1268,  0.7466,  1.3798, -0.3190,  0.2027,
        -0.4839,  0.5268, -0.3690,  0.5568, -0.2050,  0.3023,  0.7040,  1.3784],
       grad_fn=<SelectBackward0>)
The test AUC is: 0.7697480831810734
total_test_data_count: 3873
MAP: 0.020570487879342708
MRR: 0.17508252641870073
Prec@10: 0.03382390911438119
Rec@10: 0.05077886816224319
F1@10: 0.035845699082743224
NDCG@10: 0.05064912636366133
1-call@10: 0.25458301058610894
25.951316595077515
The time elapse of epoch 023 is: 00: 02: 33
tensor([-0.7451,  0.5853,  0.3390, -0.2248,  0.3242, -0.1389, -0.3320,  0.6446,
        -0.4127,  0.1612,  0.1714,  0.3771, -0.1618,  0.7000, -0.2363, -0.0333,
         0.8723, -0.0381, -0.9487, -0.3319, -0.0495, -0.1012,  0.1204, -0.3140,
         0.0185, -0.6567,  0.3757,  0.0050,  0.2419,  0.1818, -0.8268, -1.4205],
       grad_fn=<SelectBackward0>) tensor([ 1.1196,  0.0589, -0.0974, -0.6889, -0.0196, -0.0727, -0.5006, -0.2517,
         0.4656, -0.5133,  0.5060, -0.0047, -0.2428, -0.1579, -0.8142, -0.7622,
         0.3578,  0.6612,  0.4339,  0.1254,  0.7857,  1.4250, -0.3026,  0.2439,
        -0.4835,  0.5098, -0.3524,  0.5561, -0.1946,  0.2818,  0.7195,  1.4194],
       grad_fn=<SelectBackward0>)
the validation AUC is : 0.7677505274937865
total_test_data_count: 3873
MAP: 0.02030023377118145
MRR: 0.1737244452194108
Prec@10: 0.033875548670281
Rec@10: 0.049911926379946514
F1@10: 0.03566619047431348
NDCG@10: 0.05018160072819349
1-call@10: 0.25406661502711075
28.00654649734497
The time elapse of epoch 024 is: 00: 02: 30
