C:\Users\10922\.conda\envs\python38\python.exe C:/Users/10922/Desktop/pdfs/AIC/project/BPR_MF3/main.py 
tensor([-0.0015,  0.0029, -0.0128,  0.0069,  0.0083,  0.0133,  0.0062,  0.0146,
         0.0131,  0.0024, -0.0047, -0.0039, -0.0055, -0.0050,  0.0140, -0.0055,
        -0.0253, -0.0037, -0.0155,  0.0138,  0.0027,  0.0023,  0.0068, -0.0081,
        -0.0117,  0.0198,  0.0027, -0.0061,  0.0032, -0.0112, -0.0235,  0.0081],
       grad_fn=<SelectBackward0>) tensor([ 0.0293, -0.0104,  0.0203, -0.0046,  0.0006,  0.0125,  0.0115,  0.0006,
        -0.0061,  0.0116,  0.0011,  0.0084, -0.0125,  0.0174, -0.0044,  0.0131,
         0.0113, -0.0056,  0.0095, -0.0119,  0.0104,  0.0020,  0.0148,  0.0103,
        -0.0006, -0.0092,  0.0189,  0.0026,  0.0026, -0.0318,  0.0166, -0.0116],
       grad_fn=<SelectBackward0>)
The test AUC is: 0.5921538961806954
total_test_data_count: 942
MAP: 0.008533579595585674
MRR: 0.22106617433050663
Prec@10: 0.06602972399150774
Rec@10: 0.020810785131168012
F1@10: 0.027827158653849257
NDCG@10: 0.07090455105797427
1-call@10: 0.3842887473460722
1.695915699005127
The time elapse of epoch 000 is: 00: 00: 22
tensor([ 0.0180,  0.0120, -0.0320,  0.0122, -0.0118,  0.0364,  0.0297,  0.0368,
         0.0320, -0.0217, -0.0145,  0.0026, -0.0028,  0.0032,  0.0227, -0.0153,
        -0.0462, -0.0045, -0.0293,  0.0010,  0.0166,  0.0010,  0.0275, -0.0237,
        -0.0313,  0.0400,  0.0204, -0.0204,  0.0186, -0.0230, -0.0288, -0.0076],
       grad_fn=<SelectBackward0>) tensor([ 0.0557,  0.0089,  0.0249, -0.0080, -0.0230,  0.0385,  0.0370,  0.0257,
         0.0120, -0.0107, -0.0072,  0.0271, -0.0133,  0.0372, -0.0173,  0.0117,
        -0.0106,  0.0058,  0.0260, -0.0332,  0.0343,  0.0085,  0.0378, -0.0090,
        -0.0148, -0.0011,  0.0449, -0.0170,  0.0231, -0.0555,  0.0372, -0.0327],
       grad_fn=<SelectBackward0>)
The test AUC is: 0.8460164759913374
total_test_data_count: 942
MAP: 0.0413702271350748
MRR: 0.45808938643333186
Prec@10: 0.215711252653927
Rec@10: 0.0800289254901811
F1@10: 0.09915260856799249
NDCG@10: 0.2384570686183234
1-call@10: 0.732484076433121
1.7003655433654785
The time elapse of epoch 001 is: 00: 00: 22
tensor([ 0.0496,  0.0393, -0.0631, -0.0003, -0.0434,  0.0677,  0.0613,  0.0684,
         0.0621, -0.0536, -0.0318,  0.0239,  0.0115,  0.0268,  0.0427, -0.0438,
        -0.0770,  0.0192, -0.0391, -0.0293,  0.0474,  0.0026,  0.0591, -0.0548,
        -0.0634,  0.0711,  0.0519, -0.0500,  0.0490, -0.0529, -0.0093, -0.0387],
       grad_fn=<SelectBackward0>) tensor([ 0.0884,  0.0403,  0.0036, -0.0334, -0.0565,  0.0708,  0.0696,  0.0592,
         0.0434, -0.0440, -0.0305,  0.0585,  0.0039,  0.0682, -0.0275, -0.0176,
        -0.0440,  0.0378,  0.0516, -0.0663,  0.0674,  0.0209,  0.0707, -0.0424,
        -0.0479,  0.0317,  0.0774, -0.0501,  0.0566, -0.0879,  0.0701, -0.0661],
       grad_fn=<SelectBackward0>)
The test AUC is: 0.8605588502888537
total_test_data_count: 942
MAP: 0.05104493397494014
MRR: 0.5077339975429119
Prec@10: 0.2446921443736723
Rec@10: 0.09185755710162158
F1@10: 0.11426317361462524
NDCG@10: 0.27245159425356136
1-call@10: 0.7632696390658175
1.7395117282867432
The time elapse of epoch 002 is: 00: 00: 22
tensor([ 0.0829,  0.0732, -0.0967, -0.0346, -0.0770,  0.1005,  0.0940,  0.1022,
         0.0960, -0.0870, -0.0614,  0.0550,  0.0403,  0.0608,  0.0719, -0.0794,
        -0.1098,  0.0540, -0.0340, -0.0628,  0.0811,  0.0034,  0.0928, -0.0890,
        -0.0978,  0.1047,  0.0850, -0.0844,  0.0838, -0.0859,  0.0233, -0.0736],
       grad_fn=<SelectBackward0>) tensor([ 0.1223,  0.0772, -0.0332, -0.0703, -0.0917,  0.1040,  0.1039,  0.0948,
         0.0793, -0.0789, -0.0650,  0.0949,  0.0393,  0.1041, -0.0152, -0.0554,
        -0.0795,  0.0746,  0.0871, -0.1020,  0.1026,  0.0420,  0.1057, -0.0785,
        -0.0841,  0.0679,  0.1113, -0.0859,  0.0923, -0.1224,  0.1058, -0.1020],
       grad_fn=<SelectBackward0>)
The test AUC is: 0.8619379072707238
total_test_data_count: 942
MAP: 0.052709739711804836
MRR: 0.528033673097364
Prec@10: 0.24639065817409692
Rec@10: 0.0907376451383478
F1@10: 0.11428249701202428
NDCG@10: 0.27732625448853626
1-call@10: 0.7611464968152867
1.6716248989105225
The time elapse of epoch 003 is: 00: 00: 22
tensor([ 0.1149,  0.1085, -0.1299, -0.0705, -0.1099,  0.1324,  0.1262,  0.1347,
         0.1295, -0.1192, -0.0972,  0.0896,  0.0729,  0.0960,  0.1071, -0.1140,
        -0.1419,  0.0890, -0.0055, -0.0964,  0.1146,  0.0069,  0.1255, -0.1221,
        -0.1312,  0.1378,  0.1178, -0.1176,  0.1176, -0.1200,  0.0571, -0.1070],
       grad_fn=<SelectBackward0>) tensor([ 0.1554,  0.1140, -0.0709, -0.1091, -0.1262,  0.1367,  0.1378,  0.1296,
         0.1154, -0.1132, -0.1042,  0.1325,  0.0783,  0.1401,  0.0153, -0.0936,
        -0.1143,  0.1110,  0.1248, -0.1372,  0.1373,  0.0690,  0.1404, -0.1140,
        -0.1197,  0.1040,  0.1444, -0.1212,  0.1277, -0.1568,  0.1410, -0.1374],
       grad_fn=<SelectBackward0>)
The test AUC is: 0.8628067201143866
total_test_data_count: 942
MAP: 0.05132733268274487
MRR: 0.5233132431380803
Prec@10: 0.24713375796178266
Rec@10: 0.09071828087397008
F1@10: 0.11430158769520853
NDCG@10: 0.27577467004616657
1-call@10: 0.7558386411889597
1.7384836673736572
The time elapse of epoch 004 is: 00: 00: 23
tensor([ 0.1439,  0.1397, -0.1607, -0.1044, -0.1398,  0.1609,  0.1555,  0.1644,
         0.1605, -0.1482, -0.1321,  0.1214,  0.1045,  0.1265,  0.1416, -0.1457,
        -0.1713,  0.1204,  0.0263, -0.1266,  0.1445,  0.0022,  0.1549, -0.1525,
        -0.1614,  0.1679,  0.1469, -0.1479,  0.1486, -0.1498,  0.0877, -0.1377],
       grad_fn=<SelectBackward0>) tensor([ 0.1859,  0.1477, -0.1061, -0.1456, -0.1578,  0.1669,  0.1689,  0.1614,
         0.1487, -0.1444, -0.1416,  0.1672,  0.1156,  0.1735,  0.0497, -0.1284,
        -0.1464,  0.1444,  0.1614, -0.1696,  0.1691,  0.0928,  0.1721, -0.1464,
        -0.1523,  0.1372,  0.1750, -0.1536,  0.1603, -0.1885,  0.1737, -0.1699],
       grad_fn=<SelectBackward0>)
The test AUC is: 0.8642325956872213
total_test_data_count: 942
MAP: 0.05167719880222666
MRR: 0.5238225445231779
Prec@10: 0.24936305732483996
Rec@10: 0.09181572748198524
F1@10: 0.1154695373761955
NDCG@10: 0.2781539990191657
1-call@10: 0.767515923566879
1.6951313018798828
The time elapse of epoch 005 is: 00: 00: 22
tensor([ 0.1694,  0.1669, -0.1880, -0.1342, -0.1659,  0.1857,  0.1812,  0.1902,
         0.1873, -0.1734, -0.1636,  0.1510,  0.1335,  0.1549,  0.1730, -0.1741,
        -0.1974,  0.1474,  0.0590, -0.1536,  0.1705,  0.0006,  0.1809, -0.1788,
        -0.1872,  0.1940,  0.1723, -0.1749,  0.1750, -0.1765,  0.1153, -0.1644],
       grad_fn=<SelectBackward0>) tensor([ 0.2132,  0.1777, -0.1373, -0.1783, -0.1859,  0.1937,  0.1965,  0.1896,
         0.1785, -0.1722, -0.1759,  0.1988,  0.1492,  0.2037,  0.0833, -0.1596,
        -0.1750,  0.1741,  0.1949, -0.1986,  0.1974,  0.1216,  0.2005, -0.1753,
        -0.1811,  0.1666,  0.2022, -0.1824,  0.1892, -0.2169,  0.2030, -0.1989],
       grad_fn=<SelectBackward0>)
The test AUC is: 0.865916992850533
total_test_data_count: 942
MAP: 0.052670912718655594
MRR: 0.523880295217872
Prec@10: 0.25339702760084853
Rec@10: 0.09518490252425386
F1@10: 0.11829757624818871
NDCG@10: 0.28154894889728427
1-call@10: 0.778131634819533
1.745593547821045
The time elapse of epoch 006 is: 00: 00: 22
tensor([ 0.1890,  0.1885, -0.2093, -0.1576, -0.1857,  0.2049,  0.2009,  0.2104,
         0.2082, -0.1928, -0.1898,  0.1744,  0.1565,  0.1775,  0.1986, -0.1964,
        -0.2175,  0.1678,  0.0836, -0.1748,  0.1909, -0.0054,  0.2009, -0.1993,
        -0.2077,  0.2145,  0.1917, -0.1959,  0.1955, -0.1980,  0.1363, -0.1850],
       grad_fn=<SelectBackward0>) tensor([ 0.2357,  0.2025, -0.1626, -0.2053, -0.2091,  0.2159,  0.2193,  0.2130,
         0.2030, -0.1951, -0.2046,  0.2251,  0.1767,  0.2290,  0.1091, -0.1850,
        -0.1984,  0.1985,  0.2225, -0.2224,  0.2208,  0.1479,  0.2239, -0.1992,
        -0.2050,  0.1910,  0.2248, -0.2063,  0.2132, -0.2409,  0.2271, -0.2226],
       grad_fn=<SelectBackward0>)
The test AUC is: 0.8675963173115028
total_test_data_count: 942
MAP: 0.055154467134291986
MRR: 0.5284529400771408
Prec@10: 0.2609341825902327
Rec@10: 0.09969341532166769
F1@10: 0.12346210870794395
NDCG@10: 0.28869793306042957
1-call@10: 0.7813163481953291
1.8376564979553223
The time elapse of epoch 007 is: 00: 00: 23
tensor([ 0.2048,  0.2058, -0.2267, -0.1766, -0.2013,  0.2203,  0.2170,  0.2272,
         0.2254, -0.2088, -0.2110,  0.1947,  0.1741,  0.1962,  0.2169, -0.2150,
        -0.2338,  0.1839,  0.1004, -0.1919,  0.2076,  0.0009,  0.2175, -0.2157,
        -0.2249,  0.2310,  0.2074, -0.2127,  0.2121, -0.2159,  0.1514, -0.2018],
       grad_fn=<SelectBackward0>) tensor([ 0.2564,  0.2253, -0.1857, -0.2303, -0.2305,  0.2365,  0.2405,  0.2347,
         0.2256, -0.2163, -0.2314,  0.2494,  0.2026,  0.2525,  0.1356, -0.2090,
        -0.2203,  0.2211,  0.2486, -0.2445,  0.2424,  0.1721,  0.2455, -0.2212,
        -0.2270,  0.2136,  0.2456, -0.2283,  0.2352, -0.2629,  0.2497, -0.2446],
       grad_fn=<SelectBackward0>)
The test AUC is: 0.8692584414181197
total_test_data_count: 942
MAP: 0.05962325747648508
MRR: 0.5480880996804539
Prec@10: 0.26751592356687814
Rec@10: 0.1062785656896302
F1@10: 0.1299879717955742
NDCG@10: 0.2984541270245549
1-call@10: 0.807855626326964
1.6126174926757812
The time elapse of epoch 008 is: 00: 00: 21
tensor([ 0.2165,  0.2190, -0.2415, -0.1909, -0.2134,  0.2320,  0.2297,  0.2400,
         0.2406, -0.2206, -0.2273,  0.2102,  0.1881,  0.2096,  0.2324, -0.2291,
        -0.2467,  0.1964,  0.1113, -0.2044,  0.2200, -0.0017,  0.2307, -0.2289,
        -0.2380,  0.2446,  0.2192, -0.2255,  0.2249, -0.2289,  0.1624, -0.2148],
       grad_fn=<SelectBackward0>) tensor([ 0.2741,  0.2449, -0.2056, -0.2517, -0.2486,  0.2540,  0.2585,  0.2532,
         0.2449, -0.2345, -0.2541,  0.2702,  0.2245,  0.2725,  0.1574, -0.2292,
        -0.2388,  0.2402,  0.2700, -0.2631,  0.2610,  0.1967,  0.2639, -0.2400,
        -0.2457,  0.2327,  0.2634, -0.2471,  0.2540, -0.2817,  0.2686, -0.2632],
       grad_fn=<SelectBackward0>)
The test AUC is: 0.8705718344148905
total_test_data_count: 942
MAP: 0.06172302170485806
MRR: 0.5545321274620612
Prec@10: 0.2697452229299354
Rec@10: 0.11138771840224294
F1@10: 0.13412544561517983
NDCG@10: 0.30241590597928486
1-call@10: 0.8184713375796179
1.657120943069458
The time elapse of epoch 009 is: 00: 00: 21
tensor([ 0.2252,  0.2282, -0.2533, -0.2019, -0.2222,  0.2407,  0.2390,  0.2496,
         0.2527, -0.2293, -0.2395,  0.2220,  0.1974,  0.2187,  0.2450, -0.2396,
        -0.2562,  0.2059,  0.1167, -0.2132,  0.2293, -0.0052,  0.2412, -0.2392,
        -0.2480,  0.2546,  0.2277, -0.2348,  0.2343, -0.2380,  0.1691, -0.2245],
       grad_fn=<SelectBackward0>) tensor([ 0.2866,  0.2587, -0.2188, -0.2664, -0.2612,  0.2664,  0.2710,  0.2659,
         0.2582, -0.2470, -0.2701,  0.2859,  0.2408,  0.2870,  0.1720, -0.2432,
        -0.2518,  0.2534,  0.2858, -0.2767,  0.2741,  0.2220,  0.2769, -0.2531,
        -0.2587,  0.2460,  0.2757, -0.2604,  0.2674, -0.2955,  0.2825, -0.2760],
       grad_fn=<SelectBackward0>)
The test AUC is: 0.8717806229424915
total_test_data_count: 942
MAP: 0.0627341706407677
MRR: 0.5627376663204664
Prec@10: 0.270063694267515
Rec@10: 0.11251512148685162
F1@10: 0.13509679065869779
NDCG@10: 0.3043789135196527
1-call@10: 0.8227176220806794
1.6334450244903564
The time elapse of epoch 010 is: 00: 00: 21
tensor([ 0.2346,  0.2381, -0.2653, -0.2129, -0.2314,  0.2497,  0.2492,  0.2598,
         0.2650, -0.2391, -0.2523,  0.2358,  0.2074,  0.2294,  0.2573, -0.2505,
        -0.2656,  0.2159,  0.1231, -0.2221,  0.2387, -0.0036,  0.2522, -0.2500,
        -0.2583,  0.2655,  0.2367, -0.2455,  0.2438, -0.2482,  0.1761, -0.2350],
       grad_fn=<SelectBackward0>) tensor([ 0.2975,  0.2706, -0.2298, -0.2789, -0.2721,  0.2772,  0.2821,  0.2769,
         0.2699, -0.2578, -0.2843,  0.2990,  0.2543,  0.2993,  0.1823, -0.2551,
        -0.2629,  0.2648,  0.2990, -0.2883,  0.2852,  0.2381,  0.2882, -0.2645,
        -0.2698,  0.2574,  0.2866, -0.2720,  0.2790, -0.3072,  0.2938, -0.2874],
       grad_fn=<SelectBackward0>)
The test AUC is: 0.8729158439774478
total_test_data_count: 942
MAP: 0.06405960964744127
MRR: 0.564415461867689
Prec@10: 0.27218683651804576
Rec@10: 0.11444745798415451
F1@10: 0.13700848016775644
NDCG@10: 0.3070547478014633
1-call@10: 0.8365180467091295
1.6880600452423096
The time elapse of epoch 011 is: 00: 00: 21
tensor([ 0.2405,  0.2440, -0.2746, -0.2188, -0.2370,  0.2557,  0.2555,  0.2672,
         0.2735, -0.2451, -0.2608,  0.2449,  0.2111,  0.2353,  0.2675, -0.2579,
        -0.2722,  0.2220,  0.1259, -0.2273,  0.2447, -0.0035,  0.2592, -0.2572,
        -0.2657,  0.2726,  0.2423, -0.2524,  0.2501, -0.2539,  0.1784, -0.2412],
       grad_fn=<SelectBackward0>) tensor([ 0.3101,  0.2845, -0.2438, -0.2934, -0.2850,  0.2895,  0.2949,  0.2900,
         0.2837, -0.2707, -0.3011,  0.3148,  0.2700,  0.3141,  0.1960, -0.2696,
        -0.2761,  0.2782,  0.3144, -0.3016,  0.2982,  0.2568,  0.3012, -0.2780,
        -0.2832,  0.2711,  0.2993, -0.2853,  0.2923, -0.3208,  0.3072, -0.3006],
       grad_fn=<SelectBackward0>)
The test AUC is: 0.873759207837139
total_test_data_count: 942
MAP: 0.06603676243694621
MRR: 0.5601044567605055
Prec@10: 0.2774946921443728
Rec@10: 0.11629246311716145
F1@10: 0.13932962411715932
NDCG@10: 0.3105287345182264
1-call@10: 0.832271762208068
1.627629041671753
The time elapse of epoch 012 is: 00: 00: 21
tensor([ 0.2464,  0.2502, -0.2837, -0.2260, -0.2431,  0.2619,  0.2623,  0.2742,
         0.2820, -0.2517, -0.2708,  0.2533,  0.2156,  0.2421,  0.2788, -0.2657,
        -0.2791,  0.2280,  0.1314, -0.2332,  0.2513, -0.0021,  0.2663, -0.2642,
        -0.2729,  0.2803,  0.2483, -0.2592,  0.2568, -0.2605,  0.1817, -0.2477],
       grad_fn=<SelectBackward0>) tensor([ 0.3197,  0.2949, -0.2546, -0.3046, -0.2948,  0.2991,  0.3046,  0.3000,
         0.2942, -0.2801, -0.3138,  0.3270,  0.2825,  0.3255,  0.2063, -0.2804,
        -0.2863,  0.2885,  0.3265, -0.3122,  0.3082,  0.2718,  0.3110, -0.2882,
        -0.2931,  0.2813,  0.3088, -0.2955,  0.3024, -0.3313,  0.3178, -0.3107],
       grad_fn=<SelectBackward0>)
The test AUC is: 0.8746099131917986
total_test_data_count: 942
MAP: 0.06573138983981389
MRR: 0.5603697729493886
Prec@10: 0.2747346072186828
Rec@10: 0.11559930964889419
F1@10: 0.13814825244021567
NDCG@10: 0.30867207404304625
1-call@10: 0.8343949044585988
1.5843250751495361
The time elapse of epoch 013 is: 00: 00: 23
tensor([ 0.2513,  0.2558, -0.2919, -0.2312, -0.2482,  0.2672,  0.2681,  0.2803,
         0.2909, -0.2577, -0.2777,  0.2619,  0.2216,  0.2462,  0.2906, -0.2714,
        -0.2854,  0.2331,  0.1341, -0.2377,  0.2570, -0.0050,  0.2729, -0.2705,
        -0.2790,  0.2876,  0.2529, -0.2650,  0.2627, -0.2653,  0.1841, -0.2536],
       grad_fn=<SelectBackward0>) tensor([ 0.3271,  0.3025, -0.2618, -0.3132, -0.3019,  0.3064,  0.3119,  0.3075,
         0.3018, -0.2874, -0.3238,  0.3362,  0.2913,  0.3347,  0.2113, -0.2886,
        -0.2939,  0.2959,  0.3352, -0.3201,  0.3156,  0.2899,  0.3189, -0.2957,
        -0.3004,  0.2890,  0.3160, -0.3030,  0.3099, -0.3391,  0.3255, -0.3182],
       grad_fn=<SelectBackward0>)
The test AUC is: 0.8753899326950826
total_test_data_count: 942
MAP: 0.06592294397087378
MRR: 0.5590618422624769
Prec@10: 0.27526539278131545
Rec@10: 0.11628936110344054
F1@10: 0.13851935670695587
NDCG@10: 0.3089715126413028
1-call@10: 0.832271762208068
1.6755759716033936
The time elapse of epoch 014 is: 00: 00: 21
tensor([ 0.2556,  0.2602, -0.2990, -0.2340, -0.2522,  0.2715,  0.2731,  0.2864,
         0.2985, -0.2627, -0.2834,  0.2685,  0.2229,  0.2506,  0.2959, -0.2773,
        -0.2907,  0.2374,  0.1322, -0.2413,  0.2613, -0.0042,  0.2791, -0.2756,
        -0.2847,  0.2935,  0.2568, -0.2696,  0.2679, -0.2694,  0.1842, -0.2591],
       grad_fn=<SelectBackward0>) tensor([ 0.3351,  0.3115, -0.2698, -0.3230, -0.3099,  0.3145,  0.3199,  0.3157,
         0.3101, -0.2954, -0.3353,  0.3465,  0.3020,  0.3450,  0.2161, -0.2979,
        -0.3020,  0.3039,  0.3455, -0.3289,  0.3241,  0.3066,  0.3274, -0.3040,
        -0.3088,  0.2972,  0.3241, -0.3116,  0.3185, -0.3484,  0.3340, -0.3268],
       grad_fn=<SelectBackward0>)
The test AUC is: 0.8761328995666869
total_test_data_count: 942
MAP: 0.06668215831611705
MRR: 0.5613277528086424
Prec@10: 0.2762208067940543
Rec@10: 0.11700389927521974
F1@10: 0.13964978623187105
NDCG@10: 0.31021173193310114
1-call@10: 0.8333333333333334
1.6162269115447998
The time elapse of epoch 015 is: 00: 00: 21
tensor([ 0.2575,  0.2606, -0.3039, -0.2346, -0.2527,  0.2730,  0.2753,  0.2898,
         0.3043, -0.2648, -0.2869,  0.2727,  0.2197,  0.2528,  0.2997, -0.2804,
        -0.2935,  0.2379,  0.1240, -0.2413,  0.2627, -0.0029,  0.2833, -0.2783,
        -0.2878,  0.2971,  0.2577, -0.2713,  0.2703, -0.2703,  0.1795, -0.2624],
       grad_fn=<SelectBackward0>) tensor([ 0.3414,  0.3179, -0.2759, -0.3303, -0.3161,  0.3207,  0.3260,  0.3218,
         0.3174, -0.3015, -0.3448,  0.3561,  0.3112,  0.3527,  0.2197, -0.3043,
        -0.3082,  0.3098,  0.3537, -0.3355,  0.3305,  0.3231,  0.3335, -0.3108,
        -0.3150,  0.3035,  0.3303, -0.3186,  0.3252, -0.3553,  0.3408, -0.3328],
       grad_fn=<SelectBackward0>)
The test AUC is: 0.8768831582096315
total_test_data_count: 942
MAP: 0.06752689661695903
MRR: 0.5631525292353297
Prec@10: 0.27707006369426673
Rec@10: 0.11793107994419222
F1@10: 0.14052083859417538
NDCG@10: 0.3113785802183916
1-call@10: 0.8365180467091295
1.644251823425293
The time elapse of epoch 016 is: 00: 00: 21
tensor([ 0.2579,  0.2599, -0.3106, -0.2359, -0.2532,  0.2737,  0.2772,  0.2918,
         0.3111, -0.2660, -0.2867,  0.2762,  0.2181,  0.2502,  0.3074, -0.2817,
        -0.2949,  0.2382,  0.1165, -0.2397,  0.2643, -0.0139,  0.2869, -0.2817,
        -0.2898,  0.3000,  0.2578, -0.2725,  0.2726, -0.2690,  0.1735, -0.2637],
       grad_fn=<SelectBackward0>) tensor([ 0.3469,  0.3238, -0.2802, -0.3365, -0.3214,  0.3260,  0.3312,  0.3269,
         0.3222, -0.3065, -0.3527,  0.3637,  0.3183,  0.3600,  0.2185, -0.3099,
        -0.3133,  0.3145,  0.3607, -0.3418,  0.3360,  0.3437,  0.3386, -0.3161,
        -0.3202,  0.3086,  0.3358, -0.3246,  0.3307, -0.3619,  0.3474, -0.3379],
       grad_fn=<SelectBackward0>)
The test AUC is: 0.8775593379748382
total_test_data_count: 942
MAP: 0.06834674314451016
MRR: 0.564283646290014
Prec@10: 0.2807855626326956
Rec@10: 0.11931377148323327
F1@10: 0.14221923696827987
NDCG@10: 0.3143022305995265
1-call@10: 0.8354564755838642
1.737596035003662
The time elapse of epoch 017 is: 00: 00: 22
tensor([ 0.2624,  0.2632, -0.3187, -0.2411, -0.2574,  0.2779,  0.2827,  0.2971,
         0.3202, -0.2705, -0.2937,  0.2821,  0.2197,  0.2522,  0.3163, -0.2869,
        -0.2998,  0.2422,  0.1151, -0.2422,  0.2687, -0.0197,  0.2935, -0.2880,
        -0.2956,  0.3055,  0.2614, -0.2775,  0.2782, -0.2717,  0.1724, -0.2690],
       grad_fn=<SelectBackward0>) tensor([ 0.3512,  0.3280, -0.2840, -0.3416, -0.3255,  0.3302,  0.3352,  0.3306,
         0.3270, -0.3103, -0.3595,  0.3715,  0.3257,  0.3657,  0.2197, -0.3144,
        -0.3177,  0.3178,  0.3671, -0.3462,  0.3405,  0.3626,  0.3429, -0.3206,
        -0.3244,  0.3128,  0.3400, -0.3294,  0.3350, -0.3673,  0.3530, -0.3416],
       grad_fn=<SelectBackward0>)
The test AUC is: 0.8782422618330263
total_test_data_count: 942
MAP: 0.06945074185485374
MRR: 0.5670261915484827
Prec@10: 0.2823779193205936
Rec@10: 0.12225284058371481
F1@10: 0.14417230026515626
NDCG@10: 0.31644457738481513
1-call@10: 0.8428874734607219
1.6903705596923828
The time elapse of epoch 018 is: 00: 00: 22
tensor([ 0.2672,  0.2660, -0.3271, -0.2451, -0.2609,  0.2820,  0.2888,  0.3023,
         0.3296, -0.2751, -0.2988,  0.2868,  0.2180,  0.2544,  0.3247, -0.2929,
        -0.3042,  0.2467,  0.1104, -0.2441,  0.2731, -0.0291,  0.3004, -0.2940,
        -0.3016,  0.3107,  0.2645, -0.2828,  0.2837, -0.2738,  0.1699, -0.2745],
       grad_fn=<SelectBackward0>) tensor([ 0.3570,  0.3350, -0.2889, -0.3484, -0.3311,  0.3359,  0.3408,  0.3361,
         0.3329, -0.3156, -0.3685,  0.3808,  0.3354,  0.3735,  0.2193, -0.3206,
        -0.3231,  0.3227,  0.3752, -0.3527,  0.3464,  0.3826,  0.3482, -0.3261,
        -0.3296,  0.3188,  0.3460, -0.3354,  0.3405, -0.3745,  0.3595, -0.3471],
       grad_fn=<SelectBackward0>)
The test AUC is: 0.8789593202145412
total_test_data_count: 942
MAP: 0.07019547903281095
MRR: 0.5712692208711301
Prec@10: 0.284607218683651
Rec@10: 0.12408409560883464
F1@10: 0.14586209884517798
NDCG@10: 0.31903545654116294
1-call@10: 0.851380042462845
1.6858224868774414
The time elapse of epoch 019 is: 00: 00: 22
tensor([ 0.2722,  0.2697, -0.3356, -0.2508, -0.2655,  0.2873,  0.2949,  0.3084,
         0.3385, -0.2809, -0.3055,  0.2907,  0.2189,  0.2567,  0.3349, -0.2990,
        -0.3095,  0.2516,  0.1096, -0.2468,  0.2785, -0.0365,  0.3073, -0.3008,
        -0.3074,  0.3174,  0.2684, -0.2879,  0.2903, -0.2767,  0.1690, -0.2809],
       grad_fn=<SelectBackward0>) tensor([ 0.3589,  0.3368, -0.2893, -0.3498, -0.3325,  0.3375,  0.3422,  0.3374,
         0.3340, -0.3170, -0.3734,  0.3851,  0.3392,  0.3773,  0.2155, -0.3221,
        -0.3248,  0.3234,  0.3784, -0.3550,  0.3482,  0.3947,  0.3490, -0.3271,
        -0.3309,  0.3206,  0.3481, -0.3372,  0.3417, -0.3776,  0.3618, -0.3483],
       grad_fn=<SelectBackward0>)
The test AUC is: 0.8796777344253243
total_test_data_count: 942
MAP: 0.07002577386722501
MRR: 0.5697611924522736
Prec@10: 0.28333333333333255
Rec@10: 0.12415965570536391
F1@10: 0.1456513432601115
NDCG@10: 0.3178632315320116
1-call@10: 0.8492569002123143
1.646712303161621
The time elapse of epoch 020 is: 00: 00: 22
tensor([ 0.2731,  0.2696, -0.3413, -0.2518, -0.2653,  0.2887,  0.2970,  0.3105,
         0.3442, -0.2829, -0.3088,  0.2930,  0.2173,  0.2552,  0.3436, -0.3006,
        -0.3117,  0.2527,  0.1036, -0.2457,  0.2802, -0.0415,  0.3108, -0.3040,
        -0.3097,  0.3208,  0.2693, -0.2894,  0.2921, -0.2761,  0.1645, -0.2830],
       grad_fn=<SelectBackward0>) tensor([ 0.3597,  0.3376, -0.2880, -0.3502, -0.3327,  0.3385,  0.3427,  0.3381,
         0.3338, -0.3173, -0.3764,  0.3880,  0.3399,  0.3793,  0.2066, -0.3230,
        -0.3255,  0.3226,  0.3805, -0.3563,  0.3491,  0.4035,  0.3496, -0.3274,
        -0.3312,  0.3208,  0.3491, -0.3389,  0.3426, -0.3793,  0.3630, -0.3486],
       grad_fn=<SelectBackward0>)
The test AUC is: 0.880404042989221
total_test_data_count: 942
MAP: 0.07108722538520024
MRR: 0.5794808105317643
Prec@10: 0.28492569002123064
Rec@10: 0.12560194118790047
F1@10: 0.1470092002678115
NDCG@10: 0.3216326562400306
1-call@10: 0.851380042462845
1.6869425773620605
The time elapse of epoch 021 is: 00: 00: 21
tensor([ 0.2745,  0.2718, -0.3482, -0.2542, -0.2664,  0.2913,  0.2995,  0.3139,
         0.3507, -0.2852, -0.3119,  0.2980,  0.2155,  0.2568,  0.3492, -0.3045,
        -0.3147,  0.2540,  0.0991, -0.2465,  0.2830, -0.0422,  0.3149, -0.3078,
        -0.3135,  0.3257,  0.2711, -0.2923,  0.2949, -0.2777,  0.1603, -0.2859],
       grad_fn=<SelectBackward0>) tensor([ 0.3638,  0.3416, -0.2902, -0.3531, -0.3361,  0.3424,  0.3466,  0.3415,
         0.3372, -0.3208, -0.3837,  0.3941,  0.3450,  0.3849,  0.2011, -0.3269,
        -0.3286,  0.3256,  0.3842, -0.3607,  0.3533,  0.4164,  0.3536, -0.3314,
        -0.3349,  0.3243,  0.3533, -0.3432,  0.3467, -0.3843,  0.3665, -0.3520],
       grad_fn=<SelectBackward0>)
The test AUC is: 0.8810640712893614
total_test_data_count: 942
MAP: 0.07241624225303986
MRR: 0.5827850081034773
Prec@10: 0.2863057324840759
Rec@10: 0.12742053640289797
F1@10: 0.14875676902890855
NDCG@10: 0.3241035935156915
1-call@10: 0.8556263269639066
1.7522327899932861
The time elapse of epoch 022 is: 00: 00: 21
tensor([ 0.2709,  0.2672, -0.3502, -0.2521, -0.2620,  0.2882,  0.2964,  0.3117,
         0.3529, -0.2826, -0.3093,  0.2993,  0.2129,  0.2513,  0.3507, -0.3022,
        -0.3124,  0.2499,  0.0868, -0.2423,  0.2804, -0.0395,  0.3138, -0.3061,
        -0.3116,  0.3245,  0.2669, -0.2901,  0.2924, -0.2734,  0.1508, -0.2830],
       grad_fn=<SelectBackward0>) tensor([ 0.3655,  0.3434, -0.2896, -0.3538, -0.3374,  0.3444,  0.3483,  0.3434,
         0.3387, -0.3220, -0.3886,  0.3977,  0.3468,  0.3884,  0.1934, -0.3285,
        -0.3302,  0.3259,  0.3856, -0.3630,  0.3551,  0.4284,  0.3554, -0.3331,
        -0.3361,  0.3253,  0.3549, -0.3456,  0.3484, -0.3869,  0.3684, -0.3535],
       grad_fn=<SelectBackward0>)
The test AUC is: 0.8817304670413534
total_test_data_count: 942
MAP: 0.07306886453724883
MRR: 0.5856667218132168
Prec@10: 0.2873673036093412
Rec@10: 0.12807921646981646
F1@10: 0.1496463596463469
NDCG@10: 0.32507365801683963
1-call@10: 0.8588110403397028
1.61867094039917
The time elapse of epoch 023 is: 00: 00: 21
tensor([ 0.2726,  0.2678, -0.3582, -0.2542, -0.2622,  0.2912,  0.2992,  0.3154,
         0.3600, -0.2847, -0.3112,  0.3061,  0.2127,  0.2504,  0.3557, -0.3056,
        -0.3158,  0.2519,  0.0804, -0.2428,  0.2831, -0.0385,  0.3184, -0.3106,
        -0.3146,  0.3292,  0.2681, -0.2932,  0.2946, -0.2746,  0.1463, -0.2855],
       grad_fn=<SelectBackward0>) tensor([ 0.3706,  0.3490, -0.2927, -0.3586, -0.3421,  0.3491,  0.3530,  0.3480,
         0.3433, -0.3262, -0.3959,  0.4056,  0.3540,  0.3960,  0.1896, -0.3337,
        -0.3348,  0.3293,  0.3908, -0.3691,  0.3600,  0.4432,  0.3601, -0.3374,
        -0.3406,  0.3299,  0.3600, -0.3514,  0.3532, -0.3930,  0.3735, -0.3581],
       grad_fn=<SelectBackward0>)
The test AUC is: 0.8825254428117412
total_test_data_count: 942
MAP: 0.07437415776241925
MRR: 0.5856632368575029
Prec@10: 0.2895966029723984
Rec@10: 0.12980664555425553
F1@10: 0.15128345786860378
NDCG@10: 0.32708572501300015
1-call@10: 0.861995753715499
1.656771183013916
The time elapse of epoch 024 is: 00: 00: 21
tensor([ 0.2741,  0.2667, -0.3648, -0.2549, -0.2621,  0.2923,  0.3014,  0.3176,
         0.3670, -0.2858, -0.3132,  0.3097,  0.2087,  0.2476,  0.3581, -0.3074,
        -0.3171,  0.2515,  0.0706, -0.2415,  0.2850, -0.0394,  0.3227, -0.3149,
        -0.3174,  0.3330,  0.2685, -0.2945,  0.2965, -0.2724,  0.1401, -0.2878],
       grad_fn=<SelectBackward0>) tensor([ 0.3776,  0.3565, -0.2982, -0.3653, -0.3486,  0.3558,  0.3597,  0.3547,
         0.3498, -0.3322, -0.4054,  0.4171,  0.3634,  0.4060,  0.1887, -0.3408,
        -0.3415,  0.3346,  0.3971, -0.3772,  0.3668,  0.4598,  0.3668, -0.3438,
        -0.3471,  0.3368,  0.3671, -0.3588,  0.3600, -0.4020,  0.3807, -0.3647],
       grad_fn=<SelectBackward0>)
The test AUC is: 0.8831919475014699
total_test_data_count: 942
MAP: 0.07568167197262386
MRR: 0.5888253171692652
Prec@10: 0.2941613588110395
Rec@10: 0.132915174130797
F1@10: 0.15457840004320023
NDCG@10: 0.33130288046027095
1-call@10: 0.8704883227176221
1.6631174087524414
The time elapse of epoch 025 is: 00: 00: 22
tensor([ 0.2723,  0.2638, -0.3685, -0.2529, -0.2586,  0.2909,  0.3003,  0.3185,
         0.3692, -0.2841, -0.3124,  0.3093,  0.1988,  0.2450,  0.3520, -0.3085,
        -0.3161,  0.2486,  0.0588, -0.2376,  0.2826, -0.0369,  0.3232, -0.3151,
        -0.3168,  0.3327,  0.2665, -0.2932,  0.2955, -0.2688,  0.1295, -0.2865],
       grad_fn=<SelectBackward0>) tensor([ 0.3781,  0.3572, -0.2961, -0.3646, -0.3484,  0.3566,  0.3600,  0.3548,
         0.3493, -0.3319, -0.4085,  0.4201,  0.3647,  0.4087,  0.1825, -0.3407,
        -0.3416,  0.3336,  0.3980, -0.3784,  0.3670,  0.4738,  0.3668, -0.3437,
        -0.3469,  0.3362,  0.3680, -0.3601,  0.3602, -0.4040,  0.3815, -0.3648],
       grad_fn=<SelectBackward0>)
The test AUC is: 0.8839086613055417
total_test_data_count: 942
MAP: 0.07703384861493125
MRR: 0.5887514820635832
Prec@10: 0.29968152866241954
Rec@10: 0.13676962679195945
F1@10: 0.1579948896667166
NDCG@10: 0.3356156814228486
1-call@10: 0.8736730360934183
3.4800522327423096
The time elapse of epoch 026 is: 00: 00: 27
tensor([ 0.2698,  0.2603, -0.3714, -0.2501, -0.2550,  0.2892,  0.3000,  0.3188,
         0.3718, -0.2832, -0.3104,  0.3122,  0.1913,  0.2435,  0.3464, -0.3097,
        -0.3152,  0.2464,  0.0435, -0.2325,  0.2806, -0.0333,  0.3239, -0.3151,
        -0.3170,  0.3328,  0.2634, -0.2909,  0.2935, -0.2660,  0.1189, -0.2857],
       grad_fn=<SelectBackward0>) tensor([ 0.3785,  0.3585, -0.2942, -0.3649, -0.3484,  0.3579,  0.3608,  0.3554,
         0.3489, -0.3318, -0.4118,  0.4240,  0.3649,  0.4127,  0.1739, -0.3418,
        -0.3417,  0.3329,  0.4001, -0.3804,  0.3673,  0.4877,  0.3675, -0.3445,
        -0.3474,  0.3359,  0.3693, -0.3618,  0.3603, -0.4063,  0.3818, -0.3652],
       grad_fn=<SelectBackward0>)
The test AUC is: 0.8846568986499753
total_test_data_count: 942
MAP: 0.0785152004258196
MRR: 0.5901736503647323
Prec@10: 0.30074309978768526
Rec@10: 0.1381859064869056
F1@10: 0.15942546117980377
NDCG@10: 0.3378135438888938
1-call@10: 0.8736730360934183
3.4941365718841553
The time elapse of epoch 027 is: 00: 00: 30
tensor([ 0.2657,  0.2552, -0.3760, -0.2451, -0.2510,  0.2861,  0.2979,  0.3161,
         0.3799, -0.2793, -0.3032,  0.3179,  0.1903,  0.2354,  0.3569, -0.3048,
        -0.3135,  0.2413,  0.0277, -0.2233,  0.2779, -0.0360,  0.3237, -0.3160,
        -0.3141,  0.3344,  0.2581, -0.2873,  0.2896, -0.2602,  0.1076, -0.2826],
       grad_fn=<SelectBackward0>) tensor([ 0.3794,  0.3597, -0.2917, -0.3656, -0.3486,  0.3587,  0.3613,  0.3560,
         0.3482, -0.3319, -0.4148,  0.4294,  0.3682,  0.4178,  0.1626, -0.3426,
        -0.3417,  0.3320,  0.3994, -0.3822,  0.3677,  0.5073,  0.3675, -0.3446,
        -0.3474,  0.3360,  0.3706, -0.3633,  0.3606, -0.4100,  0.3831, -0.3653],
       grad_fn=<SelectBackward0>)
The test AUC is: 0.8854320915081351
total_test_data_count: 942
MAP: 0.07915398690335719
MRR: 0.5943423850270976
Prec@10: 0.3009554140127383
Rec@10: 0.138357319364531
F1@10: 0.15951110907790036
NDCG@10: 0.33955033638003906
1-call@10: 0.8747346072186837
1.6324772834777832
The time elapse of epoch 028 is: 00: 00: 21
tensor([ 0.2679,  0.2539, -0.3840, -0.2475, -0.2524,  0.2872,  0.3008,  0.3191,
         0.3905, -0.2807, -0.3065,  0.3231,  0.1875,  0.2343,  0.3644, -0.3073,
        -0.3169,  0.2415,  0.0187, -0.2207,  0.2798, -0.0405,  0.3296, -0.3206,
        -0.3175,  0.3378,  0.2582, -0.2899,  0.2925, -0.2598,  0.1006, -0.2847],
       grad_fn=<SelectBackward0>) tensor([ 0.3800,  0.3601, -0.2883, -0.3647, -0.3482,  0.3594,  0.3620,  0.3564,
         0.3478, -0.3317, -0.4185,  0.4336,  0.3677,  0.4214,  0.1534, -0.3421,
        -0.3414,  0.3302,  0.3989, -0.3829,  0.3679,  0.5218,  0.3675, -0.3446,
        -0.3471,  0.3353,  0.3716, -0.3647,  0.3604, -0.4121,  0.3828, -0.3649],
       grad_fn=<SelectBackward0>)
The test AUC is: 0.8861682872985666
total_test_data_count: 942
MAP: 0.08008963511545704
MRR: 0.5942532697309755
Prec@10: 0.3033970276008487
Rec@10: 0.13879790707052336
F1@10: 0.1602645223003195
NDCG@10: 0.34174313234706427
1-call@10: 0.8694267515923567
1.6865553855895996
The time elapse of epoch 029 is: 00: 00: 23
tensor([ 0.2691,  0.2519, -0.3905, -0.2460, -0.2519,  0.2887,  0.3034,  0.3234,
         0.3966, -0.2824, -0.3100,  0.3279,  0.1823,  0.2360,  0.3649, -0.3109,
        -0.3201,  0.2399,  0.0081, -0.2187,  0.2798, -0.0361,  0.3337, -0.3242,
        -0.3210,  0.3416,  0.2586, -0.2921,  0.2934, -0.2598,  0.0928, -0.2864],
       grad_fn=<SelectBackward0>) tensor([ 0.3797,  0.3602, -0.2856, -0.3630, -0.3472,  0.3594,  0.3618,  0.3556,
         0.3475, -0.3304, -0.4221,  0.4371,  0.3690,  0.4243,  0.1456, -0.3415,
        -0.3404,  0.3282,  0.3983, -0.3837,  0.3678,  0.5303,  0.3670, -0.3435,
        -0.3459,  0.3343,  0.3714, -0.3649,  0.3600, -0.4139,  0.3822, -0.3636],
       grad_fn=<SelectBackward0>)
The test AUC is: 0.8868781831948094
total_test_data_count: 942
MAP: 0.08057925721966665
MRR: 0.591933974258814
Prec@10: 0.30743099787685724
Rec@10: 0.14170325325433208
F1@10: 0.16291729406421207
NDCG@10: 0.34429772952644677
1-call@10: 0.8768577494692145
1.664790391921997
The time elapse of epoch 030 is: 00: 00: 22
tensor([ 0.2688,  0.2488, -0.3971, -0.2419, -0.2503,  0.2888,  0.3046,  0.3259,
         0.4029, -0.2830, -0.3105,  0.3294,  0.1718,  0.2332,  0.3629, -0.3117,
        -0.3211,  0.2377, -0.0072, -0.2149,  0.2795, -0.0395,  0.3376, -0.3267,
        -0.3233,  0.3435,  0.2569, -0.2933,  0.2947, -0.2560,  0.0801, -0.2880],
       grad_fn=<SelectBackward0>) tensor([ 0.3781,  0.3593, -0.2810, -0.3605, -0.3444,  0.3581,  0.3604,  0.3529,
         0.3459, -0.3277, -0.4218,  0.4383,  0.3665,  0.4261,  0.1354, -0.3399,
        -0.3378,  0.3254,  0.3965, -0.3826,  0.3662,  0.5381,  0.3649, -0.3403,
        -0.3426,  0.3313,  0.3696, -0.3641,  0.3586, -0.4143,  0.3799, -0.3615],
       grad_fn=<SelectBackward0>)
The test AUC is: 0.8876102437894046
total_test_data_count: 942
MAP: 0.08268365704894547
MRR: 0.5998195099309741
Prec@10: 0.310297239915074
Rec@10: 0.14426238639581387
F1@10: 0.16557900744648166
NDCG@10: 0.3484122634182092
1-call@10: 0.8768577494692145
1.7382419109344482
The time elapse of epoch 031 is: 00: 00: 23
tensor([ 0.2703,  0.2473, -0.4069, -0.2417, -0.2502,  0.2903,  0.3081,  0.3294,
         0.4116, -0.2841, -0.3107,  0.3337,  0.1648,  0.2318,  0.3675, -0.3164,
        -0.3229,  0.2380, -0.0200, -0.2127,  0.2811, -0.0434,  0.3437, -0.3317,
        -0.3272,  0.3477,  0.2563, -0.2951,  0.2962, -0.2538,  0.0702, -0.2899],
       grad_fn=<SelectBackward0>) tensor([ 0.3789,  0.3608, -0.2782, -0.3604, -0.3439,  0.3593,  0.3606,  0.3530,
         0.3452, -0.3280, -0.4254,  0.4402,  0.3663,  0.4291,  0.1260, -0.3408,
        -0.3373,  0.3247,  0.3994, -0.3831,  0.3670,  0.5447,  0.3646, -0.3392,
        -0.3416,  0.3309,  0.3705, -0.3654,  0.3595, -0.4162,  0.3805, -0.3625],
       grad_fn=<SelectBackward0>)
The test AUC is: 0.8883769965860329
total_test_data_count: 942
MAP: 0.08363717872219009
MRR: 0.6037811386537493
Prec@10: 0.3127388535031844
Rec@10: 0.1445307503632272
F1@10: 0.16589223454586988
NDCG@10: 0.35106443730286696
1-call@10: 0.8736730360934183
1.699784278869629
The time elapse of epoch 032 is: 00: 00: 22
tensor([ 0.2720,  0.2498, -0.4154, -0.2437, -0.2525,  0.2938,  0.3122,  0.3345,
         0.4200, -0.2871, -0.3121,  0.3379,  0.1616,  0.2317,  0.3729, -0.3215,
        -0.3276,  0.2410, -0.0265, -0.2128,  0.2844, -0.0459,  0.3500, -0.3368,
        -0.3315,  0.3532,  0.2578, -0.2980,  0.2994, -0.2545,  0.0652, -0.2930],
       grad_fn=<SelectBackward0>) tensor([ 0.3779,  0.3592, -0.2754, -0.3592, -0.3431,  0.3586,  0.3597,  0.3507,
         0.3453, -0.3264, -0.4263,  0.4447,  0.3687,  0.4313,  0.1276, -0.3386,
        -0.3370,  0.3224,  0.4006, -0.3832,  0.3666,  0.5508,  0.3635, -0.3381,
        -0.3388,  0.3294,  0.3697, -0.3655,  0.3571, -0.4172,  0.3815, -0.3612],
       grad_fn=<SelectBackward0>)
The test AUC is: 0.8890774872655376
total_test_data_count: 942
MAP: 0.08492511384678189
MRR: 0.6083719359197058
Prec@10: 0.31188959660297216
Rec@10: 0.1452188944877643
F1@10: 0.16615543467676702
NDCG@10: 0.3521165928715693
1-call@10: 0.8757961783439491
3.431528329849243
The time elapse of epoch 033 is: 00: 00: 25
tensor([ 0.2677,  0.2433, -0.4204, -0.2378, -0.2485,  0.2913,  0.3114,  0.3342,
         0.4259, -0.2843, -0.3094,  0.3371,  0.1531,  0.2233,  0.3770, -0.3193,
        -0.3245,  0.2371, -0.0429, -0.2053,  0.2817, -0.0518,  0.3517, -0.3370,
        -0.3310,  0.3531,  0.2531, -0.2951,  0.2972, -0.2476,  0.0518, -0.2919],
       grad_fn=<SelectBackward0>) tensor([ 0.3761,  0.3564, -0.2741, -0.3549, -0.3417,  0.3567,  0.3585,  0.3479,
         0.3465, -0.3239, -0.4258,  0.4459,  0.3666,  0.4299,  0.1239, -0.3357,
        -0.3346,  0.3193,  0.3992, -0.3805,  0.3648,  0.5514,  0.3624, -0.3372,
        -0.3364,  0.3259,  0.3669, -0.3641,  0.3554, -0.4149,  0.3780, -0.3592],
       grad_fn=<SelectBackward0>)
The test AUC is: 0.8897872285445884
total_test_data_count: 942
MAP: 0.08536029830431494
MRR: 0.6029039255153898
Prec@10: 0.31433121019108257
Rec@10: 0.1465697721673039
F1@10: 0.16771405405059958
NDCG@10: 0.3527926185491893
1-call@10: 0.8779193205944799
2.3127222061157227
The time elapse of epoch 034 is: 00: 00: 27
tensor([ 0.2688,  0.2433, -0.4293, -0.2371, -0.2488,  0.2936,  0.3143,  0.3379,
         0.4337, -0.2863, -0.3126,  0.3435,  0.1501,  0.2244,  0.3797, -0.3239,
        -0.3280,  0.2363, -0.0519, -0.2042,  0.2831, -0.0483,  0.3569, -0.3420,
        -0.3347,  0.3577,  0.2532, -0.2976,  0.2981, -0.2478,  0.0430, -0.2938],
       grad_fn=<SelectBackward0>) tensor([ 0.3769,  0.3565, -0.2738, -0.3538, -0.3420,  0.3571,  0.3592,  0.3472,
         0.3482, -0.3238, -0.4299,  0.4506,  0.3685,  0.4324,  0.1191, -0.3338,
        -0.3335,  0.3180,  0.4023, -0.3802,  0.3654,  0.5560,  0.3623, -0.3382,
        -0.3357,  0.3249,  0.3674, -0.3663,  0.3563, -0.4160,  0.3776, -0.3582],
       grad_fn=<SelectBackward0>)
The test AUC is: 0.8904653659792123
total_test_data_count: 942
MAP: 0.08620418929627983
MRR: 0.603269041644837
Prec@10: 0.3159235668789806
Rec@10: 0.14708041858237136
F1@10: 0.16841625245539732
NDCG@10: 0.3546456647702457
1-call@10: 0.881104033970276
1.7440519332885742
The time elapse of epoch 035 is: 00: 00: 24
tensor([ 0.2640,  0.2369, -0.4354, -0.2298, -0.2427,  0.2905,  0.3115,  0.3351,
         0.4387, -0.2831, -0.3094,  0.3441,  0.1432,  0.2154,  0.3847, -0.3195,
        -0.3253,  0.2302, -0.0655, -0.1943,  0.2801, -0.0487,  0.3558, -0.3418,
        -0.3325,  0.3584,  0.2470, -0.2941,  0.2945, -0.2403,  0.0294, -0.2897],
       grad_fn=<SelectBackward0>) tensor([ 0.3774,  0.3557, -0.2728, -0.3527, -0.3417,  0.3571,  0.3593,  0.3467,
         0.3498, -0.3227, -0.4319,  0.4543,  0.3691,  0.4335,  0.1170, -0.3318,
        -0.3336,  0.3158,  0.4037, -0.3805,  0.3652,  0.5560,  0.3617, -0.3390,
        -0.3348,  0.3235,  0.3669, -0.3675,  0.3563, -0.4165,  0.3778, -0.3572],
       grad_fn=<SelectBackward0>)
The test AUC is: 0.891142819021572
total_test_data_count: 942
MAP: 0.08778038557237562
MRR: 0.6063154673823455
Prec@10: 0.3193205944798303
Rec@10: 0.14949694799092478
F1@10: 0.1704785110336637
NDCG@10: 0.3585283310597292
1-call@10: 0.8842887473460722
1.8183856010437012
The time elapse of epoch 036 is: 00: 04: 55
tensor([ 0.2647,  0.2363, -0.4466, -0.2274, -0.2414,  0.2926,  0.3147,  0.3381,
         0.4488, -0.2848, -0.3118,  0.3497,  0.1368,  0.2148,  0.3867, -0.3223,
        -0.3269,  0.2306, -0.0784, -0.1900,  0.2809, -0.0510,  0.3617, -0.3469,
        -0.3350,  0.3631,  0.2468, -0.2967,  0.2972, -0.2386,  0.0196, -0.2925],
       grad_fn=<SelectBackward0>) tensor([ 0.3834,  0.3606, -0.2771, -0.3577, -0.3473,  0.3627,  0.3644,  0.3515,
         0.3559, -0.3277, -0.4399,  0.4624,  0.3748,  0.4429,  0.1152, -0.3380,
        -0.3388,  0.3206,  0.4092, -0.3873,  0.3708,  0.5651,  0.3675, -0.3449,
        -0.3398,  0.3280,  0.3725, -0.3740,  0.3632, -0.4229,  0.3822, -0.3634],
       grad_fn=<SelectBackward0>)
The test AUC is: 0.8917942468606327
total_test_data_count: 942
MAP: 0.08804616667631027
MRR: 0.6122014043988561
Prec@10: 0.3212314225053077
Rec@10: 0.1495113644521426
F1@10: 0.1709559140181581
NDCG@10: 0.36091412565401854
1-call@10: 0.881104033970276
1.7639250755310059
The time elapse of epoch 037 is: 00: 00: 23
tensor([ 0.2640,  0.2344, -0.4525, -0.2238, -0.2386,  0.2932,  0.3157,  0.3409,
         0.4543, -0.2850, -0.3137,  0.3560,  0.1299,  0.2157,  0.3825, -0.3263,
        -0.3273,  0.2279, -0.0933, -0.1882,  0.2805, -0.0462,  0.3656, -0.3508,
        -0.3364,  0.3657,  0.2458, -0.2977,  0.2971, -0.2381,  0.0082, -0.2937],
       grad_fn=<SelectBackward0>) tensor([ 0.3840,  0.3615, -0.2756, -0.3592, -0.3479,  0.3635,  0.3643,  0.3509,
         0.3559, -0.3280, -0.4444,  0.4703,  0.3823,  0.4470,  0.1126, -0.3377,
        -0.3390,  0.3191,  0.4119, -0.3893,  0.3719,  0.5744,  0.3662, -0.3451,
        -0.3392,  0.3286,  0.3732, -0.3755,  0.3637, -0.4260,  0.3852, -0.3629],
       grad_fn=<SelectBackward0>)
The test AUC is: 0.8923303663939209
total_test_data_count: 942
MAP: 0.08887522847256248
MRR: 0.6153961130871956
Prec@10: 0.3210191082802546
Rec@10: 0.14998039169201743
F1@10: 0.17139588306820777
NDCG@10: 0.3616163137004147
1-call@10: 0.8842887473460722
1.8120527267456055
The time elapse of epoch 038 is: 00: 00: 24
tensor([ 2.6473e-01,  2.3445e-01, -4.6110e-01, -2.2579e-01, -2.3875e-01,
         2.9531e-01,  3.1884e-01,  3.4475e-01,  4.6313e-01, -2.8792e-01,
        -3.1347e-01,  3.6009e-01,  1.2787e-01,  2.1415e-01,  3.8578e-01,
        -3.3112e-01, -3.3038e-01,  2.2881e-01, -1.0439e-01, -1.8820e-01,
         2.8282e-01, -4.3797e-02,  3.7179e-01, -3.5657e-01, -3.4116e-01,
         3.7174e-01,  2.4641e-01, -2.9956e-01,  3.0000e-01, -2.3862e-01,
         1.1643e-04, -2.9608e-01], grad_fn=<SelectBackward0>) tensor([ 0.3844,  0.3603, -0.2730, -0.3582, -0.3477,  0.3648,  0.3657,  0.3502,
         0.3567, -0.3281, -0.4492,  0.4724,  0.3843,  0.4489,  0.1102, -0.3360,
        -0.3378,  0.3180,  0.4139, -0.3895,  0.3722,  0.5789,  0.3667, -0.3441,
        -0.3381,  0.3269,  0.3734, -0.3779,  0.3641, -0.4279,  0.3874, -0.3633],
       grad_fn=<SelectBackward0>)
The test AUC is: 0.8928808528111442
total_test_data_count: 942
MAP: 0.08907287059043106
MRR: 0.6156839091552463
Prec@10: 0.3211252653927811
Rec@10: 0.1503231474330219
F1@10: 0.1717385587868044
NDCG@10: 0.3616945898263168
1-call@10: 0.8821656050955414
1.7516887187957764
The time elapse of epoch 039 is: 00: 00: 24
tensor([ 0.2598,  0.2281, -0.4651, -0.2197, -0.2329,  0.2926,  0.3178,  0.3443,
         0.4669, -0.2840, -0.3069,  0.3577,  0.1190,  0.2071,  0.3900, -0.3307,
        -0.3291,  0.2237, -0.1191, -0.1821,  0.2800, -0.0497,  0.3723, -0.3568,
        -0.3400,  0.3714,  0.2418, -0.2963,  0.2960, -0.2326, -0.0139, -0.2922],
       grad_fn=<SelectBackward0>) tensor([ 0.3834,  0.3581, -0.2681, -0.3540, -0.3458,  0.3647,  0.3645,  0.3480,
         0.3543, -0.3260, -0.4541,  0.4763,  0.3841,  0.4517,  0.0995, -0.3336,
        -0.3359,  0.3149,  0.4134, -0.3902,  0.3705,  0.5896,  0.3651, -0.3424,
        -0.3361,  0.3232,  0.3729, -0.3791,  0.3633, -0.4296,  0.3880, -0.3616],
       grad_fn=<SelectBackward0>)
The test AUC is: 0.8934429101055276
total_test_data_count: 942
MAP: 0.09000700735818941
MRR: 0.6187728436932255
Prec@10: 0.3219745222929934
Rec@10: 0.15101642025382508
F1@10: 0.17219487498372302
NDCG@10: 0.3636951031761997
1-call@10: 0.886411889596603
1.781127691268921
The time elapse of epoch 040 is: 00: 00: 23
tensor([ 0.2577,  0.2259, -0.4716, -0.2176, -0.2305,  0.2923,  0.3173,  0.3463,
         0.4721, -0.2830, -0.3094,  0.3587,  0.1149,  0.2037,  0.3946, -0.3336,
        -0.3298,  0.2217, -0.1319, -0.1792,  0.2777, -0.0511,  0.3736, -0.3577,
        -0.3422,  0.3746,  0.2400, -0.2955,  0.2948, -0.2306, -0.0225, -0.2922],
       grad_fn=<SelectBackward0>) tensor([ 0.3810,  0.3558, -0.2616, -0.3509, -0.3428,  0.3635,  0.3623,  0.3447,
         0.3514, -0.3224, -0.4542,  0.4779,  0.3826,  0.4533,  0.0899, -0.3309,
        -0.3348,  0.3103,  0.4123, -0.3895,  0.3683,  0.5949,  0.3617, -0.3399,
        -0.3327,  0.3193,  0.3711, -0.3780,  0.3603, -0.4296,  0.3872, -0.3586],
       grad_fn=<SelectBackward0>)
The test AUC is: 0.8939753374363566
total_test_data_count: 942
MAP: 0.09049963908692892
MRR: 0.6155870580233632
Prec@10: 0.32462845010615693
Rec@10: 0.15178252078293875
F1@10: 0.17322093291865473
NDCG@10: 0.365052062751967
1-call@10: 0.881104033970276
1.7503225803375244
The time elapse of epoch 041 is: 00: 00: 23
tensor([ 0.2584,  0.2251, -0.4830, -0.2192, -0.2301,  0.2945,  0.3204,  0.3509,
         0.4836, -0.2847, -0.3122,  0.3622,  0.1078,  0.2002,  0.4000, -0.3388,
        -0.3330,  0.2215, -0.1457, -0.1764,  0.2791, -0.0545,  0.3803, -0.3647,
        -0.3473,  0.3805,  0.2397, -0.2972,  0.2965, -0.2266, -0.0361, -0.2969],
       grad_fn=<SelectBackward0>) tensor([ 0.3804,  0.3545, -0.2565, -0.3477, -0.3427,  0.3645,  0.3623,  0.3438,
         0.3511, -0.3208, -0.4613,  0.4827,  0.3821,  0.4555,  0.0821, -0.3271,
        -0.3332,  0.3069,  0.4115, -0.3887,  0.3691,  0.6017,  0.3598, -0.3386,
        -0.3307,  0.3168,  0.3707, -0.3789,  0.3582, -0.4309,  0.3866, -0.3574],
       grad_fn=<SelectBackward0>)
The test AUC is: 0.8945250657159957
total_test_data_count: 942
MAP: 0.09081531009407177
MRR: 0.6172095921299738
Prec@10: 0.32653927813163475
Rec@10: 0.15335725754798096
F1@10: 0.17477802174775176
NDCG@10: 0.3663596858043439
1-call@10: 0.8853503184713376
2.0222508907318115
The time elapse of epoch 042 is: 00: 00: 25
tensor([ 0.2593,  0.2237, -0.4921, -0.2185, -0.2292,  0.2973,  0.3235,  0.3557,
         0.4956, -0.2872, -0.3153,  0.3680,  0.1006,  0.1998,  0.3986, -0.3433,
        -0.3358,  0.2202, -0.1606, -0.1745,  0.2808, -0.0539,  0.3880, -0.3718,
        -0.3516,  0.3843,  0.2396, -0.3008,  0.2990, -0.2237, -0.0477, -0.3013],
       grad_fn=<SelectBackward0>) tensor([ 0.3814,  0.3551, -0.2521, -0.3469, -0.3426,  0.3652,  0.3630,  0.3430,
         0.3510, -0.3199, -0.4661,  0.4875,  0.3837,  0.4579,  0.0746, -0.3246,
        -0.3316,  0.3038,  0.4116, -0.3893,  0.3687,  0.6127,  0.3601, -0.3387,
        -0.3292,  0.3145,  0.3711, -0.3814,  0.3580, -0.4339,  0.3879, -0.3577],
       grad_fn=<SelectBackward0>)
The test AUC is: 0.8949938974997653
total_test_data_count: 942
MAP: 0.09109184308582725
MRR: 0.615056463941814
Prec@10: 0.3263269639065815
Rec@10: 0.1536676354482421
F1@10: 0.17478413718035818
NDCG@10: 0.3662881533193302
1-call@10: 0.8874734607218684
1.9290294647216797
The time elapse of epoch 043 is: 00: 00: 25
tensor([ 0.2631,  0.2273, -0.5042, -0.2187, -0.2330,  0.3027,  0.3300,  0.3640,
         0.5071, -0.2920, -0.3154,  0.3685,  0.0943,  0.2002,  0.4014, -0.3508,
        -0.3419,  0.2245, -0.1704, -0.1751,  0.2869, -0.0572,  0.3966, -0.3798,
        -0.3588,  0.3926,  0.2436, -0.3048,  0.3054, -0.2261, -0.0559, -0.3075],
       grad_fn=<SelectBackward0>) tensor([ 0.3807,  0.3548, -0.2481, -0.3438, -0.3416,  0.3641,  0.3627,  0.3415,
         0.3501, -0.3185, -0.4674,  0.4924,  0.3832,  0.4615,  0.0644, -0.3238,
        -0.3295,  0.3006,  0.4083, -0.3901,  0.3664,  0.6217,  0.3593, -0.3386,
        -0.3283,  0.3105,  0.3701, -0.3838,  0.3574, -0.4360,  0.3860, -0.3569],
       grad_fn=<SelectBackward0>)
The test AUC is: 0.8954593261757099
total_test_data_count: 942
MAP: 0.09207331832065786
MRR: 0.6201497458663059
Prec@10: 0.32802547770700624
Rec@10: 0.1551140702738642
F1@10: 0.17619354826607814
NDCG@10: 0.36884860866539104
1-call@10: 0.89171974522293
1.719222068786621
The time elapse of epoch 044 is: 00: 00: 24
tensor([ 0.2595,  0.2244, -0.5116, -0.2133, -0.2280,  0.3003,  0.3273,  0.3648,
         0.5128, -0.2896, -0.3095,  0.3691,  0.0855,  0.1974,  0.4034, -0.3524,
        -0.3418,  0.2202, -0.1855, -0.1697,  0.2841, -0.0555,  0.3981, -0.3805,
        -0.3597,  0.3942,  0.2388, -0.3003,  0.3032, -0.2209, -0.0709, -0.3050],
       grad_fn=<SelectBackward0>) tensor([ 0.3815,  0.3577, -0.2436, -0.3408, -0.3418,  0.3646,  0.3629,  0.3421,
         0.3478, -0.3178, -0.4705,  0.4957,  0.3791,  0.4674,  0.0531, -0.3247,
        -0.3282,  0.2983,  0.4063, -0.3918,  0.3655,  0.6328,  0.3600, -0.3384,
        -0.3287,  0.3084,  0.3715, -0.3856,  0.3570, -0.4396,  0.3847, -0.3569],
       grad_fn=<SelectBackward0>)
The test AUC is: 0.8958702711623562
total_test_data_count: 942
MAP: 0.09209493724057642
MRR: 0.6173298422502238
Prec@10: 0.33025477707006334
Rec@10: 0.15549919046023097
F1@10: 0.17705920617269894
NDCG@10: 0.3698336502228272
1-call@10: 0.89171974522293
1.9344515800476074
The time elapse of epoch 045 is: 00: 00: 23
tensor([ 0.2593,  0.2207, -0.5212, -0.2100, -0.2252,  0.2999,  0.3276,  0.3670,
         0.5201, -0.2880, -0.3025,  0.3766,  0.0824,  0.1985,  0.4049, -0.3572,
        -0.3437,  0.2168, -0.2030, -0.1677,  0.2817, -0.0519,  0.4032, -0.3838,
        -0.3629,  0.3992,  0.2348, -0.2995,  0.3006, -0.2203, -0.0805, -0.3042],
       grad_fn=<SelectBackward0>) tensor([ 0.3820,  0.3570, -0.2393, -0.3365, -0.3416,  0.3648,  0.3637,  0.3413,
         0.3472, -0.3168, -0.4743,  0.5027,  0.3772,  0.4717,  0.0457, -0.3224,
        -0.3275,  0.2952,  0.4064, -0.3915,  0.3633,  0.6387,  0.3606, -0.3384,
        -0.3284,  0.3059,  0.3713, -0.3873,  0.3564, -0.4417,  0.3858, -0.3576],
       grad_fn=<SelectBackward0>)
The test AUC is: 0.8963095922103528
total_test_data_count: 942
MAP: 0.09295192859783344
MRR: 0.618846410725391
Prec@10: 0.3308917197452228
Rec@10: 0.15611018252865932
F1@10: 0.17754050790429032
NDCG@10: 0.3708629462955271
1-call@10: 0.8906581740976646
1.7222249507904053
The time elapse of epoch 046 is: 00: 00: 23
tensor([ 0.2595,  0.2202, -0.5328, -0.2111, -0.2265,  0.3035,  0.3306,  0.3724,
         0.5303, -0.2889, -0.3031,  0.3863,  0.0831,  0.2019,  0.4124, -0.3650,
        -0.3495,  0.2188, -0.2131, -0.1682,  0.2836, -0.0489,  0.4093, -0.3886,
        -0.3684,  0.4070,  0.2342, -0.3024,  0.3019, -0.2239, -0.0864, -0.3067],
       grad_fn=<SelectBackward0>) tensor([ 0.3882,  0.3619, -0.2409, -0.3411, -0.3471,  0.3709,  0.3696,  0.3466,
         0.3532, -0.3218, -0.4855,  0.5137,  0.3812,  0.4822,  0.0418, -0.3266,
        -0.3339,  0.2981,  0.4128, -0.3984,  0.3683,  0.6454,  0.3671, -0.3439,
        -0.3328,  0.3094,  0.3776, -0.3960,  0.3621, -0.4485,  0.3922, -0.3640],
       grad_fn=<SelectBackward0>)
The test AUC is: 0.896743070158438
total_test_data_count: 942
MAP: 0.09274923467520256
MRR: 0.6216666590074228
Prec@10: 0.3323779193205946
Rec@10: 0.15600470245036716
F1@10: 0.177718426094598
NDCG@10: 0.37220632752175786
1-call@10: 0.8927813163481954
1.7224047183990479
The time elapse of epoch 047 is: 00: 00: 23
tensor([ 0.2568,  0.2166, -0.5415, -0.2108, -0.2246,  0.3051,  0.3327,  0.3779,
         0.5401, -0.2891, -0.3009,  0.3856,  0.0752,  0.2002,  0.4192, -0.3718,
        -0.3532,  0.2200, -0.2247, -0.1641,  0.2838, -0.0526,  0.4129, -0.3913,
        -0.3706,  0.4115,  0.2322, -0.3020,  0.3009, -0.2211, -0.0983, -0.3090],
       grad_fn=<SelectBackward0>) tensor([ 0.3934,  0.3660, -0.2418, -0.3451, -0.3510,  0.3765,  0.3744,  0.3510,
         0.3586, -0.3253, -0.4955,  0.5238,  0.3861,  0.4908,  0.0362, -0.3294,
        -0.3374,  0.2994,  0.4154, -0.4036,  0.3727,  0.6514,  0.3712, -0.3485,
        -0.3374,  0.3115,  0.3829, -0.4032,  0.3665, -0.4557,  0.3973, -0.3685],
       grad_fn=<SelectBackward0>)
The test AUC is: 0.8970970987640687
total_test_data_count: 942
MAP: 0.09229342240941922
MRR: 0.6203115473816104
Prec@10: 0.3311040339702761
Rec@10: 0.15528163607629927
F1@10: 0.17692005043120523
NDCG@10: 0.37141777444583174
1-call@10: 0.8906581740976646
1.7914793491363525
The time elapse of epoch 048 is: 00: 00: 23
tensor([ 0.2571,  0.2114, -0.5527, -0.2140, -0.2227,  0.3051,  0.3354,  0.3825,
         0.5509, -0.2893, -0.2979,  0.3942,  0.0745,  0.2009,  0.4327, -0.3787,
        -0.3589,  0.2163, -0.2370, -0.1638,  0.2836, -0.0526,  0.4178, -0.3941,
        -0.3746,  0.4197,  0.2311, -0.3032,  0.2977, -0.2218, -0.1069, -0.3088],
       grad_fn=<SelectBackward0>) tensor([ 0.3900,  0.3599, -0.2334, -0.3407, -0.3454,  0.3727,  0.3724,  0.3465,
         0.3562, -0.3212, -0.4934,  0.5211,  0.3758,  0.4889,  0.0235, -0.3239,
        -0.3313,  0.2928,  0.4076, -0.3974,  0.3683,  0.6496,  0.3670, -0.3445,
        -0.3330,  0.3023,  0.3782, -0.4014,  0.3641, -0.4515,  0.3897, -0.3663],
       grad_fn=<SelectBackward0>)
The test AUC is: 0.8973929070499788
total_test_data_count: 942
MAP: 0.0924330973988021
MRR: 0.6191003529379321
Prec@10: 0.3320594479830146
Rec@10: 0.15618282849755613
F1@10: 0.17761521563522703
NDCG@10: 0.37206099749690164
1-call@10: 0.8927813163481954
1.739774227142334
The time elapse of epoch 049 is: 00: 00: 23
tensor([ 0.2586,  0.2121, -0.5629, -0.2171, -0.2237,  0.3083,  0.3400,  0.3877,
         0.5632, -0.2905, -0.2948,  0.3984,  0.0719,  0.2006,  0.4394, -0.3847,
        -0.3653,  0.2174, -0.2474, -0.1632,  0.2859, -0.0562,  0.4243, -0.4007,
        -0.3791,  0.4262,  0.2314, -0.3059,  0.2995, -0.2210, -0.1154, -0.3122],
       grad_fn=<SelectBackward0>) tensor([ 0.3897,  0.3576, -0.2288, -0.3375, -0.3447,  0.3721,  0.3723,  0.3446,
         0.3578, -0.3203, -0.4945,  0.5211,  0.3693,  0.4900,  0.0203, -0.3203,
        -0.3296,  0.2918,  0.4052, -0.3952,  0.3665,  0.6479,  0.3687, -0.3428,
        -0.3317,  0.2993,  0.3771, -0.4052,  0.3653, -0.4511,  0.3886, -0.3665],
       grad_fn=<SelectBackward0>)
The test AUC is: 0.8977436040798185
total_test_data_count: 942
MAP: 0.09203890378332112
MRR: 0.6185134634179216
Prec@10: 0.33216560509554127
Rec@10: 0.1569047714938999
F1@10: 0.17809030668953743
NDCG@10: 0.37200125518218685
1-call@10: 0.8949044585987261
1.7484049797058105
The time elapse of epoch 050 is: 00: 00: 23
tensor([ 0.2604,  0.2125, -0.5736, -0.2190, -0.2235,  0.3103,  0.3431,  0.3921,
         0.5749, -0.2904, -0.2955,  0.4104,  0.0718,  0.2032,  0.4445, -0.3904,
        -0.3729,  0.2144, -0.2583, -0.1649,  0.2861, -0.0562,  0.4307, -0.4056,
        -0.3813,  0.4346,  0.2335, -0.3113,  0.3019, -0.2236, -0.1209, -0.3130],
       grad_fn=<SelectBackward0>) tensor([ 0.3911,  0.3568, -0.2268, -0.3376, -0.3457,  0.3741,  0.3736,  0.3446,
         0.3598, -0.3196, -0.4992,  0.5263,  0.3693,  0.4943,  0.0172, -0.3208,
        -0.3292,  0.2914,  0.4062, -0.3977,  0.3675,  0.6490,  0.3705, -0.3438,
        -0.3325,  0.2977,  0.3777, -0.4083,  0.3663, -0.4546,  0.3918, -0.3679],
       grad_fn=<SelectBackward0>)
The test AUC is: 0.898045608629708
total_test_data_count: 942
MAP: 0.09279575810396486
MRR: 0.6232685131570476
Prec@10: 0.33343949044585985
Rec@10: 0.15770292547386944
F1@10: 0.17896269624453243
NDCG@10: 0.3741150515375505
1-call@10: 0.8980891719745223
1.7284619808197021
The time elapse of epoch 051 is: 00: 00: 23
tensor([ 0.2615,  0.2112, -0.5843, -0.2180, -0.2221,  0.3127,  0.3449,  0.3955,
         0.5821, -0.2915, -0.2974,  0.4217,  0.0717,  0.2046,  0.4492, -0.3952,
        -0.3765,  0.2103, -0.2678, -0.1657,  0.2871, -0.0517,  0.4360, -0.4110,
        -0.3846,  0.4425,  0.2331, -0.3148,  0.3026, -0.2263, -0.1266, -0.3138],
       grad_fn=<SelectBackward0>) tensor([ 0.3900,  0.3514, -0.2240, -0.3376, -0.3431,  0.3707,  0.3724,  0.3405,
         0.3624, -0.3152, -0.4974,  0.5273,  0.3679,  0.4920,  0.0137, -0.3142,
        -0.3272,  0.2870,  0.4049, -0.3955,  0.3649,  0.6477,  0.3692, -0.3438,
        -0.3280,  0.2933,  0.3749, -0.4074,  0.3665, -0.4533,  0.3914, -0.3661],
       grad_fn=<SelectBackward0>)
The test AUC is: 0.8983435864116307
total_test_data_count: 942
MAP: 0.09349002639902176
MRR: 0.6194964890028581
Prec@10: 0.335668789808917
Rec@10: 0.15870967408961073
F1@10: 0.18015594663067575
NDCG@10: 0.3752234697726617
1-call@10: 0.9002123142250531
1.7229011058807373
The time elapse of epoch 052 is: 00: 00: 23
tensor([ 0.2583,  0.2088, -0.5937, -0.2125, -0.2182,  0.3125,  0.3421,  0.3976,
         0.5846, -0.2888, -0.2942,  0.4276,  0.0660,  0.2050,  0.4454, -0.3993,
        -0.3769,  0.2039, -0.2858, -0.1615,  0.2848, -0.0436,  0.4394, -0.4142,
        -0.3868,  0.4486,  0.2298, -0.3110,  0.2989, -0.2255, -0.1392, -0.3113],
       grad_fn=<SelectBackward0>) tensor([ 0.3893,  0.3481, -0.2195, -0.3355, -0.3420,  0.3709,  0.3729,  0.3385,
         0.3657, -0.3128, -0.4960,  0.5301,  0.3633,  0.4931,  0.0065, -0.3099,
        -0.3263,  0.2846,  0.4038, -0.3938,  0.3636,  0.6486,  0.3699, -0.3422,
        -0.3254,  0.2895,  0.3727, -0.4097,  0.3681, -0.4528,  0.3899, -0.3662],
       grad_fn=<SelectBackward0>)
The test AUC is: 0.8985963532714315
total_test_data_count: 942
MAP: 0.09320892080866622
MRR: 0.6186216119337135
Prec@10: 0.33471337579617805
Rec@10: 0.15794213808114577
F1@10: 0.1793706043191843
NDCG@10: 0.37491471196233456
1-call@10: 0.8980891719745223
1.7314810752868652
The time elapse of epoch 053 is: 00: 00: 23
tensor([ 0.2572,  0.2044, -0.6075, -0.2107, -0.2172,  0.3135,  0.3441,  0.4006,
         0.5949, -0.2895, -0.2939,  0.4322,  0.0649,  0.2027,  0.4552, -0.4031,
        -0.3803,  0.1994, -0.2974, -0.1578,  0.2829, -0.0465,  0.4431, -0.4190,
        -0.3912,  0.4563,  0.2279, -0.3122,  0.2993, -0.2231, -0.1484, -0.3110],
       grad_fn=<SelectBackward0>) tensor([ 0.3912,  0.3485, -0.2172, -0.3378, -0.3421,  0.3729,  0.3748,  0.3382,
         0.3700, -0.3120, -0.5007,  0.5363,  0.3652,  0.4949,  0.0015, -0.3070,
        -0.3269,  0.2833,  0.4046, -0.3946,  0.3653,  0.6480,  0.3716, -0.3443,
        -0.3239,  0.2891,  0.3743, -0.4142,  0.3716, -0.4535,  0.3905, -0.3670],
       grad_fn=<SelectBackward0>)
The test AUC is: 0.898864317032422
total_test_data_count: 942
MAP: 0.09362396973478715
MRR: 0.6218510552905452
Prec@10: 0.3347133757961781
Rec@10: 0.15824882072653582
F1@10: 0.17944236364489913
NDCG@10: 0.3755750483562534
1-call@10: 0.8959660297239915
1.7332546710968018
The time elapse of epoch 054 is: 00: 00: 23
tensor([ 0.2545,  0.1982, -0.6180, -0.2061, -0.2144,  0.3116,  0.3441,  0.4028,
         0.6026, -0.2879, -0.2925,  0.4389,  0.0623,  0.2021,  0.4626, -0.4071,
        -0.3816,  0.1955, -0.3084, -0.1545,  0.2804, -0.0475,  0.4472, -0.4210,
        -0.3956,  0.4630,  0.2231, -0.3111,  0.2972, -0.2235, -0.1592, -0.3081],
       grad_fn=<SelectBackward0>) tensor([ 0.3937,  0.3490, -0.2163, -0.3399, -0.3434,  0.3756,  0.3774,  0.3384,
         0.3741, -0.3122, -0.5049,  0.5444,  0.3672,  0.4997, -0.0030, -0.3069,
        -0.3270,  0.2832,  0.4022, -0.3971,  0.3673,  0.6478,  0.3729, -0.3467,
        -0.3248,  0.2890,  0.3762, -0.4194,  0.3740, -0.4566,  0.3916, -0.3693],
       grad_fn=<SelectBackward0>)
The test AUC is: 0.8991465932722128
total_test_data_count: 942
MAP: 0.09442391329195313
MRR: 0.6232905334816152
Prec@10: 0.33715498938428834
Rec@10: 0.15991374006304962
F1@10: 0.1812037096826292
NDCG@10: 0.37774511533033467
1-call@10: 0.8949044585987261
1.7525830268859863
The time elapse of epoch 055 is: 00: 00: 23
tensor([ 0.2477,  0.1939, -0.6251, -0.2006, -0.2072,  0.3099,  0.3414,  0.4038,
         0.6104, -0.2833, -0.2894,  0.4367,  0.0553,  0.1958,  0.4652, -0.4092,
        -0.3804,  0.1918, -0.3257, -0.1452,  0.2791, -0.0530,  0.4473, -0.4215,
        -0.3961,  0.4681,  0.2171, -0.3045,  0.2953, -0.2181, -0.1761, -0.3048],
       grad_fn=<SelectBackward0>) tensor([ 0.3923,  0.3453, -0.2107, -0.3345, -0.3407,  0.3745,  0.3766,  0.3359,
         0.3721, -0.3088, -0.5064,  0.5471,  0.3645,  0.5021, -0.0145, -0.3046,
        -0.3228,  0.2773,  0.3966, -0.3951,  0.3637,  0.6552,  0.3723, -0.3446,
        -0.3210,  0.2837,  0.3743, -0.4199,  0.3730, -0.4549,  0.3895, -0.3671],
       grad_fn=<SelectBackward0>)
The test AUC is: 0.8994100602257282
total_test_data_count: 942
MAP: 0.09494082619106907
MRR: 0.6235890524903254
Prec@10: 0.33811040339702736
Rec@10: 0.1599766900371139
F1@10: 0.18155035009113055
NDCG@10: 0.37854299605917974
1-call@10: 0.8991507430997877
1.715076208114624
The time elapse of epoch 056 is: 00: 00: 23
tensor([ 0.2465,  0.1907, -0.6388, -0.1985, -0.2046,  0.3091,  0.3452,  0.4070,
         0.6231, -0.2818, -0.2833,  0.4429,  0.0458,  0.1921,  0.4689, -0.4119,
        -0.3819,  0.1898, -0.3403, -0.1386,  0.2776, -0.0574,  0.4549, -0.4275,
        -0.3983,  0.4734,  0.2130, -0.3043,  0.2946, -0.2111, -0.1913, -0.3072],
       grad_fn=<SelectBackward0>) tensor([ 0.3942,  0.3450, -0.2064, -0.3323, -0.3406,  0.3754,  0.3789,  0.3374,
         0.3739, -0.3077, -0.5125,  0.5507,  0.3627,  0.5050, -0.0230, -0.3030,
        -0.3210,  0.2726,  0.3932, -0.3953,  0.3633,  0.6633,  0.3742, -0.3463,
        -0.3202,  0.2802,  0.3748, -0.4225,  0.3748, -0.4564,  0.3892, -0.3677],
       grad_fn=<SelectBackward0>)
The test AUC is: 0.899670029236142
total_test_data_count: 942
MAP: 0.09478447019143336
MRR: 0.6220033976403395
Prec@10: 0.3384288747346068
Rec@10: 0.16094180767664473
F1@10: 0.18229663619015782
NDCG@10: 0.37896060935366926
1-call@10: 0.9002123142250531
1.6196410655975342
The time elapse of epoch 057 is: 00: 04: 23
tensor([ 0.2447,  0.1834, -0.6487, -0.1953, -0.2003,  0.3098,  0.3459,  0.4081,
         0.6313, -0.2797, -0.2797,  0.4498,  0.0420,  0.1914,  0.4711, -0.4177,
        -0.3859,  0.1858, -0.3529, -0.1358,  0.2754, -0.0542,  0.4585, -0.4324,
        -0.4000,  0.4806,  0.2090, -0.3031,  0.2915, -0.2078, -0.2005, -0.3041],
       grad_fn=<SelectBackward0>) tensor([ 0.3930,  0.3426, -0.2004, -0.3307, -0.3379,  0.3765,  0.3787,  0.3357,
         0.3757, -0.3052, -0.5158,  0.5502,  0.3590,  0.5051, -0.0322, -0.2977,
        -0.3179,  0.2699,  0.3890, -0.3944,  0.3656,  0.6625,  0.3742, -0.3456,
        -0.3169,  0.2756,  0.3735, -0.4233,  0.3744, -0.4550,  0.3854, -0.3692],
       grad_fn=<SelectBackward0>)
The test AUC is: 0.8998895060515549
total_test_data_count: 942
MAP: 0.09451563464182976
MRR: 0.6210427753421379
Prec@10: 0.33938428874734544
Rec@10: 0.16165982566834783
F1@10: 0.1827761675952234
NDCG@10: 0.37906626850192016
1-call@10: 0.9044585987261147
1.6439592838287354
The time elapse of epoch 058 is: 00: 00: 22
tensor([ 0.2405,  0.1811, -0.6568, -0.1917, -0.1959,  0.3096,  0.3453,  0.4129,
         0.6362, -0.2779, -0.2741,  0.4519,  0.0365,  0.1926,  0.4709, -0.4258,
        -0.3873,  0.1835, -0.3687, -0.1334,  0.2716, -0.0494,  0.4632, -0.4341,
        -0.4025,  0.4889,  0.2069, -0.2999,  0.2897, -0.2086, -0.2136, -0.3030],
       grad_fn=<SelectBackward0>) tensor([ 0.3883,  0.3365, -0.1934, -0.3279, -0.3335,  0.3735,  0.3749,  0.3282,
         0.3737, -0.3012, -0.5131,  0.5494,  0.3616,  0.5022, -0.0333, -0.2886,
        -0.3130,  0.2634,  0.3891, -0.3901,  0.3621,  0.6631,  0.3681, -0.3402,
        -0.3088,  0.2690,  0.3699, -0.4210,  0.3697, -0.4518,  0.3839, -0.3646],
       grad_fn=<SelectBackward0>)
The test AUC is: 0.9001012915684191
total_test_data_count: 942
MAP: 0.09449255614877652
MRR: 0.6166334638468393
Prec@10: 0.3395966029723989
Rec@10: 0.16223768680335612
F1@10: 0.18325992474761252
NDCG@10: 0.37829591616328684
1-call@10: 0.9044585987261147
1.7159292697906494
The time elapse of epoch 059 is: 00: 00: 21
tensor([ 0.2387,  0.1775, -0.6687, -0.1887, -0.1932,  0.3081,  0.3457,  0.4159,
         0.6484, -0.2759, -0.2636,  0.4546,  0.0325,  0.1899,  0.4705, -0.4288,
        -0.3890,  0.1796, -0.3864, -0.1283,  0.2702, -0.0512,  0.4694, -0.4392,
        -0.4057,  0.4959,  0.2031, -0.2975,  0.2908, -0.2051, -0.2290, -0.3032],
       grad_fn=<SelectBackward0>) tensor([ 0.3888,  0.3374, -0.1909, -0.3265, -0.3331,  0.3766,  0.3767,  0.3276,
         0.3761, -0.3011, -0.5194,  0.5539,  0.3630,  0.5045, -0.0381, -0.2860,
        -0.3099,  0.2625,  0.3898, -0.3909,  0.3633,  0.6647,  0.3678, -0.3415,
        -0.3066,  0.2670,  0.3709, -0.4241,  0.3718, -0.4536,  0.3839, -0.3664],
       grad_fn=<SelectBackward0>)
The test AUC is: 0.900260515003894
total_test_data_count: 942
MAP: 0.09515627426125134
MRR: 0.6194566992337686
Prec@10: 0.34108280254777035
Rec@10: 0.16293668285154397
F1@10: 0.18416868623557012
NDCG@10: 0.3798529018975751
1-call@10: 0.9055201698513801
1.6520822048187256
The time elapse of epoch 060 is: 00: 00: 21
tensor([ 0.2370,  0.1727, -0.6783, -0.1852, -0.1875,  0.3059,  0.3453,  0.4197,
         0.6569, -0.2749, -0.2595,  0.4570,  0.0270,  0.1854,  0.4727, -0.4326,
        -0.3896,  0.1743, -0.4036, -0.1215,  0.2679, -0.0527,  0.4731, -0.4418,
        -0.4096,  0.5019,  0.1995, -0.2952,  0.2888, -0.2014, -0.2433, -0.3029],
       grad_fn=<SelectBackward0>) tensor([ 0.3926,  0.3375, -0.1924, -0.3259, -0.3352,  0.3810,  0.3827,  0.3288,
         0.3842, -0.3045, -0.5247,  0.5581,  0.3618,  0.5061, -0.0390, -0.2820,
        -0.3107,  0.2646,  0.3949, -0.3909,  0.3669,  0.6585,  0.3711, -0.3461,
        -0.3071,  0.2641,  0.3736, -0.4293,  0.3784, -0.4540,  0.3852, -0.3717],
       grad_fn=<SelectBackward0>)
The test AUC is: 0.9004586103694924
total_test_data_count: 942
MAP: 0.09530168464157433
MRR: 0.6195759536523863
Prec@10: 0.34267515923566844
Rec@10: 0.16246963463255612
F1@10: 0.18496849698543308
NDCG@10: 0.38065062660489163
1-call@10: 0.9044585987261147
1.7055985927581787
The time elapse of epoch 061 is: 00: 00: 22
tensor([ 0.2386,  0.1745, -0.6902, -0.1862, -0.1878,  0.3097,  0.3473,  0.4246,
         0.6673, -0.2779, -0.2676,  0.4657,  0.0268,  0.1852,  0.4786, -0.4364,
        -0.3924,  0.1738, -0.4129, -0.1198,  0.2712, -0.0511,  0.4810, -0.4506,
        -0.4170,  0.5124,  0.2024, -0.2969,  0.2912, -0.2032, -0.2506, -0.3039],
       grad_fn=<SelectBackward0>) tensor([ 0.3948,  0.3390, -0.1919, -0.3308, -0.3379,  0.3864,  0.3880,  0.3299,
         0.3912, -0.3058, -0.5285,  0.5595,  0.3645,  0.5083, -0.0384, -0.2810,
        -0.3126,  0.2661,  0.4009, -0.3915,  0.3724,  0.6531,  0.3727, -0.3501,
        -0.3064,  0.2632,  0.3753, -0.4341,  0.3834, -0.4555,  0.3887, -0.3758],
       grad_fn=<SelectBackward0>)
The test AUC is: 0.9006662715715473
total_test_data_count: 942
MAP: 0.09520649163013288
MRR: 0.6200624687885828
Prec@10: 0.3420382165605094
Rec@10: 0.1627521022775295
F1@10: 0.18502087043128787
NDCG@10: 0.38004547384346166
1-call@10: 0.9055201698513801
1.6899042129516602
The time elapse of epoch 062 is: 00: 00: 22
tensor([ 0.2388,  0.1740, -0.7009, -0.1842, -0.1871,  0.3121,  0.3503,  0.4295,
         0.6803, -0.2794, -0.2700,  0.4709,  0.0223,  0.1847,  0.4842, -0.4416,
        -0.3957,  0.1723, -0.4248, -0.1145,  0.2706, -0.0544,  0.4872, -0.4582,
        -0.4242,  0.5204,  0.2021, -0.2955,  0.2924, -0.2037, -0.2611, -0.3044],
       grad_fn=<SelectBackward0>) tensor([ 0.3962,  0.3394, -0.1886, -0.3298, -0.3386,  0.3894,  0.3911,  0.3300,
         0.3938, -0.3061, -0.5365,  0.5615,  0.3619,  0.5096, -0.0444, -0.2779,
        -0.3109,  0.2657,  0.4059, -0.3903,  0.3747,  0.6512,  0.3738, -0.3525,
        -0.3071,  0.2599,  0.3758, -0.4376,  0.3875, -0.4545,  0.3891, -0.3772],
       grad_fn=<SelectBackward0>)
The test AUC is: 0.9008362421823264
total_test_data_count: 942
MAP: 0.09518704947202393
MRR: 0.6192979231195787
Prec@10: 0.34203821656050937
Rec@10: 0.16218500699831465
F1@10: 0.18439245899218512
NDCG@10: 0.38036579445065816
1-call@10: 0.9044585987261147
3.6360301971435547
The time elapse of epoch 063 is: 00: 00: 25
tensor([ 0.2366,  0.1756, -0.7092, -0.1809, -0.1819,  0.3133,  0.3503,  0.4355,
         0.6854, -0.2798, -0.2676,  0.4687,  0.0125,  0.1821,  0.4845, -0.4486,
        -0.3997,  0.1712, -0.4381, -0.1079,  0.2707, -0.0512,  0.4933, -0.4628,
        -0.4293,  0.5289,  0.2004, -0.2906,  0.2941, -0.2017, -0.2755, -0.3026],
       grad_fn=<SelectBackward0>) tensor([ 0.3957,  0.3382, -0.1858, -0.3274, -0.3364,  0.3920,  0.3912,  0.3286,
         0.3964, -0.3051, -0.5428,  0.5635,  0.3594,  0.5117, -0.0483, -0.2737,
        -0.3080,  0.2645,  0.4092, -0.3868,  0.3750,  0.6532,  0.3736, -0.3528,
        -0.3053,  0.2572,  0.3760, -0.4392,  0.3898, -0.4537,  0.3872, -0.3771],
       grad_fn=<SelectBackward0>)
The test AUC is: 0.9010043629374004
total_test_data_count: 942
MAP: 0.0956063657718493
MRR: 0.621914205751785
Prec@10: 0.34278131634819514
Rec@10: 0.16375600604886653
F1@10: 0.18549317753040587
NDCG@10: 0.3814355560023273
1-call@10: 0.9087048832271762
3.424940586090088
The time elapse of epoch 064 is: 00: 00: 30
tensor([ 0.2327,  0.1703, -0.7191, -0.1760, -0.1749,  0.3122,  0.3499,  0.4384,
         0.6918, -0.2781, -0.2686,  0.4649,  0.0027,  0.1766,  0.4872, -0.4517,
        -0.4003,  0.1657, -0.4527, -0.0995,  0.2655, -0.0498,  0.4962, -0.4662,
        -0.4314,  0.5336,  0.1957, -0.2858,  0.2920, -0.1974, -0.2902, -0.2993],
       grad_fn=<SelectBackward0>) tensor([ 0.3935,  0.3348, -0.1800, -0.3255, -0.3329,  0.3898,  0.3904,  0.3240,
         0.3999, -0.3025, -0.5415,  0.5638,  0.3562,  0.5093, -0.0531, -0.2646,
        -0.3023,  0.2611,  0.4085, -0.3801,  0.3730,  0.6532,  0.3711, -0.3514,
        -0.3000,  0.2498,  0.3731, -0.4381,  0.3894, -0.4493,  0.3829, -0.3778],
       grad_fn=<SelectBackward0>)
The test AUC is: 0.9011781342364478
total_test_data_count: 942
MAP: 0.09643018609017007
MRR: 0.6199932292288977
Prec@10: 0.34660297239915056
Rec@10: 0.16524554912894576
F1@10: 0.18767000681749557
NDCG@10: 0.3836251441207039
1-call@10: 0.9097664543524416
3.6673667430877686
The time elapse of epoch 065 is: 00: 00: 28
tensor([ 0.2335,  0.1674, -0.7326, -0.1752, -0.1744,  0.3150,  0.3546,  0.4440,
         0.7011, -0.2772, -0.2707,  0.4690, -0.0013,  0.1815,  0.4934, -0.4641,
        -0.4095,  0.1647, -0.4608, -0.1019,  0.2664, -0.0458,  0.5026, -0.4709,
        -0.4389,  0.5423,  0.1952, -0.2871,  0.2923, -0.1999, -0.2982, -0.2994],
       grad_fn=<SelectBackward0>) tensor([ 0.3981,  0.3365, -0.1819, -0.3306, -0.3359,  0.3942,  0.3978,  0.3272,
         0.4097, -0.3045, -0.5484,  0.5677,  0.3553,  0.5125, -0.0550, -0.2648,
        -0.3053,  0.2623,  0.4149, -0.3823,  0.3758,  0.6491,  0.3755, -0.3583,
        -0.3018,  0.2458,  0.3760, -0.4446,  0.3952, -0.4492,  0.3839, -0.3844],
       grad_fn=<SelectBackward0>)
The test AUC is: 0.9012917399917494
total_test_data_count: 942
MAP: 0.09683962439560335
MRR: 0.6266778338434389
Prec@10: 0.3446921443736728
Rec@10: 0.1638499543175323
F1@10: 0.18640534805990644
NDCG@10: 0.3837915335739722
1-call@10: 0.9076433121019108
3.7401082515716553
The time elapse of epoch 066 is: 00: 00: 28
tensor([ 0.2290,  0.1700, -0.7426, -0.1746, -0.1709,  0.3166,  0.3518,  0.4474,
         0.7039, -0.2773, -0.2723,  0.4738, -0.0032,  0.1871,  0.4979, -0.4780,
        -0.4180,  0.1616, -0.4671, -0.1028,  0.2673, -0.0381,  0.5027, -0.4713,
        -0.4413,  0.5552,  0.1937, -0.2846,  0.2900, -0.2037, -0.3077, -0.2961],
       grad_fn=<SelectBackward0>) tensor([ 0.3990,  0.3347, -0.1794, -0.3329, -0.3371,  0.3955,  0.4004,  0.3246,
         0.4138, -0.3034, -0.5539,  0.5676,  0.3554,  0.5111, -0.0584, -0.2597,
        -0.3037,  0.2604,  0.4191, -0.3810,  0.3784,  0.6476,  0.3747, -0.3600,
        -0.3007,  0.2400,  0.3761, -0.4467,  0.3964, -0.4476,  0.3832, -0.3860],
       grad_fn=<SelectBackward0>)
The test AUC is: 0.9014011684871804
total_test_data_count: 942
MAP: 0.09724059364144512
MRR: 0.6243789502547462
Prec@10: 0.34564755838641165
Rec@10: 0.16545022676553156
F1@10: 0.18722764661474722
NDCG@10: 0.3843921487048557
1-call@10: 0.9097664543524416
3.4191808700561523
The time elapse of epoch 067 is: 00: 00: 28
tensor([ 0.2235,  0.1679, -0.7500, -0.1742, -0.1633,  0.3146,  0.3478,  0.4489,
         0.7056, -0.2723, -0.2774,  0.4803, -0.0035,  0.1911,  0.4990, -0.4883,
        -0.4213,  0.1501, -0.4780, -0.1021,  0.2614, -0.0268,  0.5018, -0.4692,
        -0.4406,  0.5622,  0.1899, -0.2827,  0.2846, -0.2090, -0.3180, -0.2894],
       grad_fn=<SelectBackward0>) tensor([ 0.4007,  0.3309, -0.1767, -0.3343, -0.3351,  0.3984,  0.4028,  0.3255,
         0.4164, -0.3019, -0.5604,  0.5662,  0.3523,  0.5097, -0.0596, -0.2563,
        -0.3031,  0.2584,  0.4219, -0.3785,  0.3795,  0.6430,  0.3744, -0.3619,
        -0.2990,  0.2340,  0.3750, -0.4506,  0.3961, -0.4438,  0.3823, -0.3876],
       grad_fn=<SelectBackward0>)
The test AUC is: 0.9015374535937123
total_test_data_count: 942
MAP: 0.09775402893929276
MRR: 0.6265656259286828
Prec@10: 0.34607218683651775
Rec@10: 0.16632867024626213
F1@10: 0.187771330199796
NDCG@10: 0.38542558468112686
1-call@10: 0.9118895966029724
1.5689735412597656
The time elapse of epoch 068 is: 00: 00: 22
tensor([ 0.2195,  0.1642, -0.7622, -0.1720, -0.1580,  0.3166,  0.3484,  0.4537,
         0.7119, -0.2712, -0.2814,  0.4841, -0.0075,  0.1926,  0.5038, -0.4947,
        -0.4250,  0.1449, -0.4873, -0.0990,  0.2592, -0.0236,  0.5069, -0.4728,
        -0.4420,  0.5702,  0.1868, -0.2812,  0.2841, -0.2093, -0.3280, -0.2866],
       grad_fn=<SelectBackward0>) tensor([ 0.3934,  0.3245, -0.1680, -0.3269, -0.3259,  0.3926,  0.3966,  0.3172,
         0.4111, -0.2922, -0.5601,  0.5629,  0.3484,  0.5050, -0.0647, -0.2458,
        -0.2949,  0.2482,  0.4214, -0.3706,  0.3736,  0.6452,  0.3660, -0.3548,
        -0.2889,  0.2226,  0.3669, -0.4452,  0.3892, -0.4372,  0.3755, -0.3803],
       grad_fn=<SelectBackward0>)
The test AUC is: 0.901629747160007
total_test_data_count: 942
MAP: 0.09792497624720202
MRR: 0.6265336102915715
Prec@10: 0.3473460721868363
Rec@10: 0.16675621573069604
F1@10: 0.18822554222683457
NDCG@10: 0.38635374139869477
1-call@10: 0.9118895966029724
1.6965832710266113
The time elapse of epoch 069 is: 00: 00: 21
tensor([ 0.2142,  0.1601, -0.7703, -0.1669, -0.1496,  0.3164,  0.3454,  0.4548,
         0.7190, -0.2665, -0.2814,  0.4904, -0.0132,  0.1923,  0.5054, -0.4974,
        -0.4256,  0.1358, -0.5026, -0.0914,  0.2570, -0.0184,  0.5076, -0.4746,
        -0.4408,  0.5750,  0.1823, -0.2810,  0.2799, -0.2076, -0.3435, -0.2809],
       grad_fn=<SelectBackward0>) tensor([ 0.3972,  0.3224, -0.1671, -0.3276, -0.3261,  0.3963,  0.4002,  0.3191,
         0.4139, -0.2929, -0.5644,  0.5654,  0.3505,  0.5076, -0.0656, -0.2462,
        -0.2971,  0.2483,  0.4232, -0.3710,  0.3757,  0.6457,  0.3678, -0.3567,
        -0.2887,  0.2209,  0.3680, -0.4512,  0.3930, -0.4411,  0.3793, -0.3838],
       grad_fn=<SelectBackward0>)
The test AUC is: 0.9017161229656265
total_test_data_count: 942
MAP: 0.09843702452382995
MRR: 0.6293445142967433
Prec@10: 0.34734607218683655
Rec@10: 0.1653167027277305
F1@10: 0.18779121906790053
NDCG@10: 0.38663715703162566
1-call@10: 0.9044585987261147
3.6786181926727295
The time elapse of epoch 070 is: 00: 00: 26
tensor([ 0.2074,  0.1564, -0.7782, -0.1666, -0.1410,  0.3152,  0.3431,  0.4576,
         0.7281, -0.2629, -0.2807,  0.4972, -0.0180,  0.1913,  0.5086, -0.5044,
        -0.4278,  0.1248, -0.5147, -0.0843,  0.2543, -0.0154,  0.5060, -0.4748,
        -0.4415,  0.5816,  0.1762, -0.2785,  0.2771, -0.2058, -0.3571, -0.2764],
       grad_fn=<SelectBackward0>) tensor([ 0.4008,  0.3228, -0.1637, -0.3252, -0.3247,  0.3989,  0.4023,  0.3205,
         0.4172, -0.2940, -0.5689,  0.5697,  0.3482,  0.5127, -0.0746, -0.2430,
        -0.2971,  0.2436,  0.4207, -0.3707,  0.3754,  0.6517,  0.3708, -0.3588,
        -0.2876,  0.2192,  0.3697, -0.4556,  0.3959, -0.4423,  0.3787, -0.3858],
       grad_fn=<SelectBackward0>)
The test AUC is: 0.901754087772688
total_test_data_count: 942
MAP: 0.09826488112838476
MRR: 0.6289399913603733
Prec@10: 0.3483014861995751
Rec@10: 0.16623231180708928
F1@10: 0.18844292359222525
NDCG@10: 0.38720507331157705
1-call@10: 0.9076433121019108
3.752894401550293
The time elapse of epoch 071 is: 00: 00: 28
tensor([ 0.2021,  0.1517, -0.7923, -0.1629, -0.1346,  0.3151,  0.3416,  0.4630,
         0.7368, -0.2604, -0.2750,  0.4999, -0.0258,  0.1874,  0.5114, -0.5124,
        -0.4301,  0.1206, -0.5288, -0.0789,  0.2496, -0.0179,  0.5124, -0.4765,
        -0.4457,  0.5876,  0.1715, -0.2776,  0.2741, -0.2009, -0.3720, -0.2766],
       grad_fn=<SelectBackward0>) tensor([ 0.3973,  0.3214, -0.1576, -0.3190, -0.3202,  0.3967,  0.3990,  0.3144,
         0.4162, -0.2882, -0.5719,  0.5703,  0.3436,  0.5149, -0.0811, -0.2341,
        -0.2939,  0.2370,  0.4220, -0.3682,  0.3711,  0.6576,  0.3665, -0.3546,
        -0.2790,  0.2120,  0.3668, -0.4563,  0.3936, -0.4399,  0.3751, -0.3837],
       grad_fn=<SelectBackward0>)
The test AUC is: 0.9018571112135703
total_test_data_count: 942
MAP: 0.09830550923416462
MRR: 0.6303578704852587
Prec@10: 0.34723991507430996
Rec@10: 0.16612381640430132
F1@10: 0.1882419535089745
NDCG@10: 0.38705887380111126
1-call@10: 0.9097664543524416
1.5445358753204346
The time elapse of epoch 072 is: 00: 00: 25
tensor([ 0.1972,  0.1499, -0.8065, -0.1640, -0.1296,  0.3136,  0.3420,  0.4659,
         0.7482, -0.2586, -0.2728,  0.5044, -0.0293,  0.1843,  0.5175, -0.5166,
        -0.4356,  0.1175, -0.5391, -0.0750,  0.2497, -0.0171,  0.5167, -0.4797,
        -0.4514,  0.5987,  0.1671, -0.2770,  0.2738, -0.2016, -0.3828, -0.2737],
       grad_fn=<SelectBackward0>) tensor([ 0.3985,  0.3167, -0.1565, -0.3207, -0.3197,  0.4003,  0.4032,  0.3140,
         0.4243, -0.2900, -0.5767,  0.5695,  0.3381,  0.5120, -0.0835, -0.2257,
        -0.2939,  0.2394,  0.4231, -0.3633,  0.3718,  0.6509,  0.3722, -0.3589,
        -0.2781,  0.2061,  0.3664, -0.4622,  0.3990, -0.4356,  0.3722, -0.3901],
       grad_fn=<SelectBackward0>)
The test AUC is: 0.901938780656345
total_test_data_count: 942
MAP: 0.09814675898558407
MRR: 0.6292483142005432
Prec@10: 0.34692144373673006
Rec@10: 0.1655101679305292
F1@10: 0.18770832972969773
NDCG@10: 0.38687196468436036
1-call@10: 0.9087048832271762
1.6178712844848633
The time elapse of epoch 073 is: 00: 00: 21
tensor([ 0.1915,  0.1470, -0.8190, -0.1653, -0.1236,  0.3109,  0.3377,  0.4666,
         0.7551, -0.2528, -0.2717,  0.5094, -0.0306,  0.1780,  0.5292, -0.5193,
        -0.4408,  0.1128, -0.5484, -0.0697,  0.2478, -0.0149,  0.5163, -0.4815,
        -0.4552,  0.6093,  0.1618, -0.2712,  0.2673, -0.1996, -0.3918, -0.2669],
       grad_fn=<SelectBackward0>) tensor([ 0.4047,  0.3137, -0.1566, -0.3212, -0.3233,  0.4064,  0.4100,  0.3158,
         0.4325, -0.2915, -0.5842,  0.5771,  0.3406,  0.5163, -0.0885, -0.2243,
        -0.2933,  0.2407,  0.4229, -0.3666,  0.3771,  0.6523,  0.3794, -0.3655,
        -0.2812,  0.2042,  0.3694, -0.4709,  0.4048, -0.4393,  0.3753, -0.3942],
       grad_fn=<SelectBackward0>)
The test AUC is: 0.901998680373936
total_test_data_count: 942
MAP: 0.09801929287441591
MRR: 0.6263941737667852
Prec@10: 0.34936305732484035
Rec@10: 0.16630717861318878
F1@10: 0.18887533660299197
NDCG@10: 0.3876866922131326
1-call@10: 0.9118895966029724
3.7719979286193848
The time elapse of epoch 074 is: 00: 00: 28
tensor([ 0.1919,  0.1502, -0.8284, -0.1672, -0.1218,  0.3151,  0.3390,  0.4726,
         0.7613, -0.2541, -0.2781,  0.5144, -0.0323,  0.1830,  0.5331, -0.5292,
        -0.4484,  0.1115, -0.5565, -0.0720,  0.2503, -0.0079,  0.5208, -0.4885,
        -0.4611,  0.6191,  0.1633, -0.2739,  0.2676, -0.2043, -0.3982, -0.2675],
       grad_fn=<SelectBackward0>) tensor([ 0.4089,  0.3147, -0.1574, -0.3192, -0.3272,  0.4116,  0.4151,  0.3180,
         0.4379, -0.2932, -0.5894,  0.5855,  0.3424,  0.5206, -0.0924, -0.2231,
        -0.2950,  0.2427,  0.4235, -0.3713,  0.3806,  0.6559,  0.3837, -0.3686,
        -0.2828,  0.2037,  0.3737, -0.4786,  0.4092, -0.4443,  0.3788, -0.3978],
       grad_fn=<SelectBackward0>)
The test AUC is: 0.9021152430454281
total_test_data_count: 942
MAP: 0.0989267873826186
MRR: 0.6299234764999092
Prec@10: 0.3504246284501057
Rec@10: 0.16741030578042795
F1@10: 0.18974806878141157
NDCG@10: 0.38930400805407267
1-call@10: 0.9118895966029724
3.8230481147766113
The time elapse of epoch 075 is: 00: 00: 28
tensor([ 0.1897,  0.1469, -0.8358, -0.1650, -0.1156,  0.3146,  0.3359,  0.4762,
         0.7670, -0.2531, -0.2805,  0.5216, -0.0371,  0.1826,  0.5342, -0.5352,
        -0.4525,  0.1047, -0.5697, -0.0692,  0.2497, -0.0015,  0.5232, -0.4919,
        -0.4617,  0.6261,  0.1608, -0.2742,  0.2644, -0.2037, -0.4086, -0.2642],
       grad_fn=<SelectBackward0>) tensor([ 0.4093,  0.3083, -0.1550, -0.3187, -0.3283,  0.4116,  0.4162,  0.3148,
         0.4405, -0.2898, -0.5881,  0.5904,  0.3468,  0.5228, -0.0955, -0.2201,
        -0.2933,  0.2405,  0.4243, -0.3720,  0.3806,  0.6589,  0.3841, -0.3682,
        -0.2798,  0.2007,  0.3704, -0.4826,  0.4087, -0.4449,  0.3801, -0.3962],
       grad_fn=<SelectBackward0>)
The test AUC is: 0.902194285166316
total_test_data_count: 942
MAP: 0.09805515060129084
MRR: 0.6332855013587494
Prec@10: 0.34787685774946886
Rec@10: 0.16698085334317408
F1@10: 0.18878813947001882
NDCG@10: 0.3878269462344334
1-call@10: 0.9129511677282378
3.727795362472534
The time elapse of epoch 076 is: 00: 00: 29
tensor([ 0.1882,  0.1381, -0.8488, -0.1594, -0.1108,  0.3124,  0.3354,  0.4787,
         0.7749, -0.2497, -0.2797,  0.5277, -0.0390,  0.1820,  0.5402, -0.5401,
        -0.4597,  0.0992, -0.5781, -0.0656,  0.2464,  0.0023,  0.5246, -0.4945,
        -0.4653,  0.6358,  0.1554, -0.2702,  0.2584, -0.2023, -0.4157, -0.2579],
       grad_fn=<SelectBackward0>) tensor([ 0.4129,  0.3091, -0.1518, -0.3212, -0.3295,  0.4153,  0.4201,  0.3157,
         0.4437, -0.2927, -0.5909,  0.5974,  0.3474,  0.5321, -0.1018, -0.2201,
        -0.2927,  0.2410,  0.4248, -0.3732,  0.3853,  0.6667,  0.3884, -0.3706,
        -0.2813,  0.1983,  0.3726, -0.4885,  0.4108, -0.4492,  0.3789, -0.4022],
       grad_fn=<SelectBackward0>)
The test AUC is: 0.9022255967526154
total_test_data_count: 942
MAP: 0.09848041488118706
MRR: 0.6327674301400412
Prec@10: 0.34925690021231354
Rec@10: 0.16773063353308898
F1@10: 0.1895628089038015
NDCG@10: 0.3888973979801291
1-call@10: 0.910828025477707
3.2905147075653076
The time elapse of epoch 077 is: 00: 00: 31
tensor([ 0.1810,  0.1315, -0.8575, -0.1556, -0.1045,  0.3085,  0.3312,  0.4759,
         0.7769, -0.2422, -0.2746,  0.5307, -0.0422,  0.1830,  0.5453, -0.5420,
        -0.4655,  0.0912, -0.5887, -0.0606,  0.2438,  0.0086,  0.5246, -0.4938,
        -0.4667,  0.6463,  0.1488, -0.2615,  0.2531, -0.2005, -0.4257, -0.2469],
       grad_fn=<SelectBackward0>) tensor([ 0.4134,  0.3026, -0.1492, -0.3211, -0.3275,  0.4161,  0.4247,  0.3121,
         0.4518, -0.2906, -0.5882,  0.5993,  0.3469,  0.5338, -0.1055, -0.2182,
        -0.2915,  0.2400,  0.4218, -0.3678,  0.3840,  0.6662,  0.3889, -0.3730,
        -0.2774,  0.1940,  0.3712, -0.4907,  0.4132, -0.4494,  0.3777, -0.4063],
       grad_fn=<SelectBackward0>)
The test AUC is: 0.9022387354594582
total_test_data_count: 942
MAP: 0.09797775415354636
MRR: 0.6340509278407361
Prec@10: 0.34851380042462815
Rec@10: 0.1667657709220578
F1@10: 0.18881816093804765
NDCG@10: 0.38878214186399757
1-call@10: 0.9129511677282378
3.7683491706848145
The time elapse of epoch 078 is: 00: 00: 28
tensor([ 0.1786,  0.1290, -0.8685, -0.1487, -0.1030,  0.3086,  0.3322,  0.4829,
         0.7823, -0.2410, -0.2736,  0.5381, -0.0458,  0.1904,  0.5461, -0.5529,
        -0.4746,  0.0879, -0.5989, -0.0608,  0.2414,  0.0167,  0.5283, -0.4984,
        -0.4730,  0.6593,  0.1466, -0.2603,  0.2504, -0.2049, -0.4341, -0.2446],
       grad_fn=<SelectBackward0>) tensor([ 0.4149,  0.3004, -0.1467, -0.3206, -0.3289,  0.4181,  0.4263,  0.3107,
         0.4535, -0.2892, -0.5912,  0.6063,  0.3506,  0.5425, -0.1092, -0.2173,
        -0.2922,  0.2374,  0.4206, -0.3713,  0.3834,  0.6731,  0.3895, -0.3746,
        -0.2765,  0.1926,  0.3712, -0.4925,  0.4129, -0.4562,  0.3812, -0.4083],
       grad_fn=<SelectBackward0>)
The test AUC is: 0.9023138331675007
total_test_data_count: 942
MAP: 0.09835541464288931
MRR: 0.6349174563346529
Prec@10: 0.34989384288747294
Rec@10: 0.1674319136014221
F1@10: 0.189607570215667
NDCG@10: 0.38980206310119603
1-call@10: 0.9129511677282378
1.6962873935699463
The time elapse of epoch 079 is: 00: 00: 24
the best AUC is : 0

Process finished with exit code 0
