C:\Users\10922\.conda\envs\python38\python.exe C:/Users/10922/Desktop/pdfs/AIC/project/BPR_MF3/main.py 
(78880, 2)
(78880, 2)
(78880, 2)
(78880, 2)
(78880, 2)
77
77
77
77
77
77
77
77
77
77
77
77
77
77
77
77
77
77
77
77
77
77
77
77
77
77
77
77
77
77
77
77
77
77
77
77
77
77
77
77
77
77
77
77
77
77
77
77
77
77
77
77
77
77
77
77
77
77
77
77
77
77
77
77
77
77
77
77
77
77
77
77
77
77
77
77
77
AUC: 0.7349308852098297
3.5855185985565186
The time elapse of epoch 000 is: 00: 00: 41
(78880, 2)
(78880, 2)
(78880, 2)
(78880, 2)
77
77
77
77
77
77
77
77
77
77
77
77
77
77
77
77
77
77
77
77
77
77
77
77
77
77
77
77
77
77
77
77
77
77
77
77
77
77
77
77
77
77
77
77
77
77
77
77
77
77
77
77
77
77
77
77
77
77
77
77
77
77
77
77
77
77
77
77
77
77
77
77
77
77
77
77
77
AUC: 0.7487239734937914
3.64776611328125
The time elapse of epoch 001 is: 00: 00: 40
(78880, 2)
(78880, 2)
(78880, 2)
(78880, 2)
77
77
77
77
77
77
77
77
77
77
77
77
77
77
77
77
77
77
77
77
77
77
77
77
77
77
77
77
77
77
77
77
77
77
77
77
77
77
77
77
77
77
77
77
77
77
77
77
77
77
77
77
77
77
77
77
77
77
77
77
77
77
77
77
77
77
77
77
77
77
77
77
77
77
77
77
77
AUC: 0.7448136418198877
3.564085006713867
The time elapse of epoch 002 is: 00: 00: 40
(78880, 2)
(78880, 2)
(78880, 2)
(78880, 2)
77
77
77
77
77
77
77
77
77
77
77
77
77
77
77
77
77
77
77
77
77
77
77
77
77
77
77
77
77
77
77
77
77
77
77
77
77
77
77
77
77
77
77
77
77
77
77
77
77
77
77
77
77
77
77
77
77
77
77
77
77
77
77
77
77
77
77
77
77
77
77
77
77
77
77
77
77
AUC: 0.739856931037413
3.5702269077301025
The time elapse of epoch 003 is: 00: 00: 38
(78880, 2)
(78880, 2)
(78880, 2)
(78880, 2)
77
77
77
77
77
77
77
77
77
77
77
77
77
77
77
77
77
77
77
77
77
77
77
77
77
77
77
77
77
77
77
77
77
77
77
77
77
77
77
77
77
77
77
77
77
77
77
77
77
77
77
77
77
77
77
77
77
77
77
77
77
77
77
77
77
77
77
77
77
77
77
77
77
77
77
77
77
AUC: 0.7367509711534226
5.517557382583618
The time elapse of epoch 004 is: 00: 00: 50
(78880, 2)
(78880, 2)
(78880, 2)
(78880, 2)
77
77
77
77
77
77
77
77
77
77
77
77
77
77
77
77
77
77
77
77
77
77
77
77
77
77
77
77
77
77
77
77
77
77
77
77
77
77
77
77
77
77
77
77
77
77
77
77
77
77
77
77
77
77
77
77
77
77
77
77
77
77
77
77
77
77
77
77
77
77
77
77
77
77
77
77
77
AUC: 0.733409527652592
5.4282286167144775
The time elapse of epoch 005 is: 00: 00: 54
(78880, 2)
(78880, 2)
(78880, 2)
(78880, 2)
77
77
77
77
77
77
77
77
77
77
77
77
77
77
77
77
77
77
77
77
77
77
77
77
77
77
77
77
77
77
77
77
77
77
77
77
77
77
77
77
77
77
77
77
77
77
77
77
77
77
77
77
77
77
77
77
77
77
77
77
77
77
77
77
77
77
77
77
77
77
77
77
77
77
77
77
77
AUC: 0.7322163743107236
5.326617956161499
The time elapse of epoch 006 is: 00: 00: 51
(78880, 2)
(78880, 2)
(78880, 2)
(78880, 2)
77
77
77
77
77
77
77
77
77
77
77
77
77
77
77
77
77
77
77
77
77
77
77
77
77
77
77
77
77
77
77
77
77
77
77
77
77
77
77
77
77
77
77
77
77
77
77
77
77
77
77
77
77
77
77
77
77
77
77
77
77
77
77
77
77
77
77
77
77
77
77
77
77
77
77
77
77
AUC: 0.7306016906183429
3.5237700939178467
The time elapse of epoch 007 is: 00: 00: 45
(78880, 2)
(78880, 2)
(78880, 2)
(78880, 2)
77
77
77
77
77
77
77
77
77
77
77
77
77
77
77
77
77
77
77
77
77
77
77
77
77
77
77
77
77
77
77
77
77
77
77
77
77
77
77
77
77
77
77
77
77
77
77
77
77
77
77
77
77
77
77
77
77
77
77
77
77
77
77
77
77
77
77
77
77
77
77
77
77
77
77
77
77
AUC: 0.7294239810385884
3.6587424278259277
The time elapse of epoch 008 is: 00: 00: 39
(78880, 2)
(78880, 2)
(78880, 2)
(78880, 2)
77
77
77
77
77
77
77
77
77
77
77
77
77
77
77
77
77
77
77
77
77
77
77
77
77
77
77
77
77
77
77
77
77
77
77
77
77
77
77
77
77
77
77
77
77
77
77
77
77
77
77
77
77
77
77
77
77
77
77
77
77
77
77
77
77
77
77
77
77
77
77
77
77
77
77
77
77
AUC: 0.7285498304651571
3.742079257965088
The time elapse of epoch 009 is: 00: 00: 41
(78880, 2)
(78880, 2)
(78880, 2)
(78880, 2)
77
77
77
77
77
77
77
77
77
77
77
77
77
77
77
77
77
77
77
77
77
77
77
77
77
77
77
77
77
77
77
77
77
77
77
77
77
77
77
77
77
77
77
77
77
77
77
77
77
77
77
77
77
77
77
77
77
77
77
77
77
77
77
77
77
77
77
77
77
77
77
77
77
77
77
77
77
AUC: 0.7276266755973102
3.5989389419555664
The time elapse of epoch 010 is: 00: 00: 40
(78880, 2)
(78880, 2)
(78880, 2)
(78880, 2)
77
77
77
77
77
77
77
77
77
77
77
77
77
77
77
77
77
77
77
77
77
77
77
77
77
77
77
77
77
77
77
77
77
77
77
77
77
77
77
77
77
77
77
77
77
77
77
77
77
77
77
77
77
77
77
77
77
77
77
77
77
77
77
77
77
77
77
77
77
77
77
77
77
77
77
77
77
AUC: 0.7272762949583026
3.7709527015686035
The time elapse of epoch 011 is: 00: 00: 40
(78880, 2)
(78880, 2)
(78880, 2)
(78880, 2)
77
77
77
77
77
77
77
77
77
77
77
77
77
77
77
77
77
77
77
77
77
77
77
77
77
77
77
77
77
77
77
77
77
77
77
77
77
77
77
77
77
77
77
77
77
77
77
77
77
77
77
77
77
77
77
77
77
77
77
77
77
77
77
77
77
77
77
77
77
77
77
77
77
77
77
77
77
AUC: 0.7261091478661645
3.563504695892334
The time elapse of epoch 012 is: 00: 00: 41
(78880, 2)
(78880, 2)
(78880, 2)
(78880, 2)
77
77
77
77
77
77
77
77
77
77
77
77
77
77
77
77
77
77
77
77
77
77
77
77
77
77
77
77
77
77
77
77
77
77
77
77
77
77
77
77
77
77
77
77
77
77
77
77
77
77
77
77
77
77
77
77
77
77
77
77
77
77
77
77
77
77
77
77
77
77
77
77
77
77
77
77
77
AUC: 0.7253444731725576
5.10145378112793
The time elapse of epoch 013 is: 00: 00: 47
(78880, 2)
(78880, 2)
(78880, 2)
(78880, 2)
77
77
77
77
77
77
77
77
77
77
77
77
77
77
77
77
77
77
77
77
77
77
77
77
77
77
77
77
77
77
77
77
77
77
77
77
77
77
77
77
77
77
77
77
77
77
77
77
77
77
77
77
77
77
77
77
77
77
77
77
77
77
77
77
77
77
77
77
77
77
77
77
77
77
77
77
77
AUC: 0.7246105845541624
5.07851505279541
The time elapse of epoch 014 is: 00: 00: 48
(78880, 2)
(78880, 2)
(78880, 2)
(78880, 2)
77
77
77
77
77
77
77
77
77
77
77
77
77
77
77
77
77
77
77
77
77
77
77
77
77
77
77
77
77
77
77
77
77
77
77
77
77
77
77
77
77
77
77
77
77
77
77
77
77
77
77
77
77
77
77
77
77
77
77
77
77
77
77
77
77
77
77
77
77
77
77
77
77
77
77
77
77
AUC: 0.7248959316029085
5.027646541595459
The time elapse of epoch 015 is: 00: 00: 49
(78880, 2)
(78880, 2)
(78880, 2)
(78880, 2)
77
77
77
77
77
77
77
77
77
77
77
77
77
77
77
77
77
77
77
77
77
77
77
77
77
77
77
77
77
77
77
77
77
77
77
77
77
77
77
77
77
77
77
77
77
77
77
77
77
77
77
77
77
77
77
77
77
77
77
77
77
77
77
77
77
77
77
77
77
77
77
77
77
77
77
77
77
AUC: 0.724084651964221
5.039562463760376
The time elapse of epoch 016 is: 00: 00: 48
(78880, 2)
(78880, 2)
(78880, 2)
(78880, 2)
77
77
77
77
77
77
77
77
77
77
77
77
77
77
77
77
77
77
77
77
77
77
77
77
77
77
77
77
77
77
77
77
77
77
77
77
77
77
77
77
77
77
77
77
77
77
77
77
77
77
77
77
77
77
77
77
77
77
77
77
77
77
77
77
77
77
77
77
77
77
77
77
77
77
77
77
77
AUC: 0.7239523162770324
5.074167013168335
The time elapse of epoch 017 is: 00: 00: 50
(78880, 2)
(78880, 2)
(78880, 2)
(78880, 2)
77
77
77
77
77
77
77
77
77
77
77
77
77
77
77
77
77
77
77
77
77
77
77
77
77
77
77
77
77
77
77
77
77
77
77
77
77
77
77
77
77
77
77
77
77
77
77
77
77
77
77
77
77
77
77
77
77
77
77
77
77
77
77
77
77
77
77
77
77
77
77
77
77
77
77
77
77
AUC: 0.7240163912935749
5.171360731124878
The time elapse of epoch 018 is: 00: 00: 48
(78880, 2)
(78880, 2)
(78880, 2)
(78880, 2)
77
77
77
77
77
77
77
77
77
77
77
77
77
77
77
77
77
77
77
77
77
77
77
77
77
77
77
77
77
77
77
77
77
77
77
77
77
77
77
77
77
77
77
77
77
77
77
77
77
77
77
77
77
77
77
77
77
77
77
77
77
77
77
77
77
77
77
77
77
77
77
77
77
77
77
77
77
AUC: 0.7239171629822067
5.128315448760986
The time elapse of epoch 019 is: 00: 00: 49
(78880, 2)
(78880, 2)
(78880, 2)
(78880, 2)
77
77
77
77
77
77
77
77
77
77
77
77
77
77
77
77
77
77
77
77
77
77
77
77
77
77
77
77
77
77
77
77
77
77
77
77
77
77
77
77
77
77
77
77
77
77
77
77
77
77
77
77
77
77
77
77
77
77
77
77
77
77
77
77
77
77
77
77
77
77
77
77
77
77
77
77
77
AUC: 0.7234669208010989
5.240581274032593
The time elapse of epoch 020 is: 00: 00: 51
(78880, 2)
(78880, 2)
(78880, 2)
(78880, 2)
77
77
77
77
77
77
77
77
77
77
77
77
77
77
77
77
77
77
77
77
77
77
77
77
77
77
77
77
77
77
77
77
77
77
77
77
77
77
77
77
77
77
77
77
77
77
77
77
77
77
77
77
77
77
77
77
77
77
77
77
77
77
77
77
77
77
77
77
77
77
77
77
77
77
77
77
77
AUC: 0.7231442990557636
5.136032819747925
The time elapse of epoch 021 is: 00: 00: 48
(78880, 2)
(78880, 2)
(78880, 2)
(78880, 2)
77
77
77
77
77
77
77
77
77
77
77
77
77
77
77
77
77
77
77
77
77
77
77
77
77
77
77
77
77
77
77
77
77
77
77
77
77
77
77
77
77
77
77
77
77
77
77
77
77
77
77
77
77
77
77
77
77
77
77
77
77
77
77
77
77
77
77
77
77
77
77
77
77
77
77
77
77
AUC: 0.7233724775287906
4.985870838165283
The time elapse of epoch 022 is: 00: 00: 49
(78880, 2)
(78880, 2)
(78880, 2)
(78880, 2)
77
77
77
77
77
77
77
77
77
77
77
77
77
77
77
77
77
77
77
77
77
77
77
77
77
77
77
77
77
77
77
77
77
77
77
77
77
77
77
77
77
77
77
77
77
77
77
77
77
77
77
77
77
77
77
77
77
77
77
77
77
77
77
77
77
77
77
77
77
77
77
77
77
77
77
77
77
AUC: 0.7224960439943006
5.129938125610352
The time elapse of epoch 023 is: 00: 00: 49
(78880, 2)
(78880, 2)
(78880, 2)
(78880, 2)
77
77
77
77
77
77
77
77
77
77
77
77
77
77
77
77
77
77
77
77
77
77
77
77
77
77
77
77
77
77
77
77
77
77
77
77
77
77
77
77
77
77
77
77
77
77
77
77
77
77
77
77
77
77
77
77
77
77
77
77
77
77
77
77
77
77
77
77
77
77
77
77
77
77
77
77
77
AUC: 0.7229496477058127
4.882894515991211
The time elapse of epoch 024 is: 00: 00: 48
(78880, 2)
(78880, 2)
(78880, 2)
(78880, 2)
77
77
77
77
77
77
77
77
77
77
77
77
77
77
77
77
77
77
77
77
77
77
77
77
77
77
77
77
77
77
77
77
77
77
77
77
77
77
77
77
77
77
77
77
77
77
77
77
77
77
77
77
77
77
77
77
77
77
77
77
77
77
77
77
77
77
77
77
77
77
77
77
77
77
77
77
77
AUC: 0.7231415927367674
5.122579336166382
The time elapse of epoch 025 is: 00: 00: 49
(78880, 2)
(78880, 2)
(78880, 2)
(78880, 2)
77
77
77
77
77
77
77
77
77
77
77
77
77
77
77
77
77
77
77
77
77
77
77
77
77
77
77
77
77
77
77
77
77
77
77
77
77
77
77
77
77
77
77
77
77
77
77
77
77
77
77
77
77
77
77
77
77
77
77
77
77
77
77
77
77
77
77
77
77
77
77
77
77
77
77
77
77
AUC: 0.7229063753823494
5.144543170928955
The time elapse of epoch 026 is: 00: 00: 48
(78880, 2)
(78880, 2)
(78880, 2)
(78880, 2)
77
77
77
77
77
77
77
77
77
77
77
77
77
77
77
77
77
77
77
77
77
77
77
77
77
77
77
77
77
77
77
77
77
77
77
77
77
77
77
77
77
77
77
77
77
77
77
77
77
77
77
77
77
77
77
77
77
77
77
77
77
77
77
77
77
77
77
77
77
77
77
77
77
77
77
77
77
AUC: 0.7223022940769769
5.073550701141357
The time elapse of epoch 027 is: 00: 00: 49
(78880, 2)
(78880, 2)
(78880, 2)
(78880, 2)
77
77
77
77
77
77
77
77
77
77
77
77
77
77
77
77
77
77
77
77
77
77
77
77
77
77
77
77
77
77
77
77
77
77
77
77
77
77
77
77
77
77
77
77
77
77
77
77
77
77
77
77
77
77
77
77
77
77
77
77
77
77
77
77
77
77
77
77
77
77
77
77
77
77
77
77
77
AUC: 0.7219701460815745
5.067605972290039
The time elapse of epoch 028 is: 00: 00: 48
(78880, 2)
(78880, 2)
(78880, 2)
(78880, 2)
77
77
77
77
77
77
77
77
77
77
77
77
77
77
77
77
77
77
77
77
77
77
77
77
77
77
77
77
77
77
77
77
77
77
77
77
77
77
77
77
77
77
77
77
77
77
77
77
77
77
77
77
77
77
77
77
77
77
77
77
77
77
77
77
77
77
77
77
77
77
77
77
77
77
77
77
77
AUC: 0.7221863246687801
5.075113296508789
The time elapse of epoch 029 is: 00: 00: 49
(78880, 2)
(78880, 2)
(78880, 2)
(78880, 2)
77
77
77
77
77
77
77
77
77
77
77
77
77
77
77
77
77
77
77
77
77
77
77
77
77
77
77
77
77
77
77
77
77
77
77
77
77
77
77
77
77
77
77
77
77
77
77
77
77
77
77
77
77
77
77
77
77
77
77
77
77
77
77
77
77
77
77
77
77
77
77
77
77
77
77
77
77
AUC: 0.7220021893224493
5.010241746902466
The time elapse of epoch 030 is: 00: 00: 48
(78880, 2)
(78880, 2)
(78880, 2)
(78880, 2)
77
77
77
77
77
77
77
77
77
77
77
77
77
77
77
77
77
77
77
77
77
77
77
77
77
77
77
77
77
77
77
77
77
77
77
77
77
77
77
77
77
77
77
77
77
77
77
77
77
77
77
77
77
77
77
77
77
77
77
77
77
77
77
77
77
77
77
77
77
77
77
77
77
77
77
77
77
AUC: 0.7222970275808149
5.044532537460327
The time elapse of epoch 031 is: 00: 00: 48
(78880, 2)
(78880, 2)
(78880, 2)
(78880, 2)
77
77
77
77
77
77
77
77
77
77
77
77
77
77
77
77
77
77
77
77
77
77
77
77
77
77
77
77
77
77
77
77
77
77
77
77
77
77
77
77
77
77
77
77
77
77
77
77
77
77
77
77
77
77
77
77
77
77
77
77
77
77
77
77
77
77
77
77
77
77
77
77
77
77
77
77
77
AUC: 0.7223523793200886
5.13332724571228
The time elapse of epoch 032 is: 00: 00: 49
(78880, 2)
(78880, 2)
(78880, 2)
(78880, 2)
77
77
77
77
77
77
77
77
77
77
77
77
77
77
77
77
77
77
77
77
77
77
77
77
77
77
77
77
77
77
77
77
77
77
77
77
77
77
77
77
77
77
77
77
77
77
77
77
77
77
77
77
77
77
77
77
77
77
77
77
77
77
77
77
77
77
77
77
77
77
77
77
77
77
77
77
77
AUC: 0.7225367101181436
5.11623477935791
The time elapse of epoch 033 is: 00: 00: 50
(78880, 2)
(78880, 2)
(78880, 2)
(78880, 2)
77
77
77
77
77
77
77
77
77
77
77
77
77
77
77
77
77
77
77
77
77
77
77
77
77
77
77
77
77
77
77
77
77
77
77
77
77
77
77
77
77
77
77
77
77
77
77
77
77
77
77
77
77
77
77
77
77
77
77
77
77
77
77
77
77
77
77
77
77
77
77
77
77
77
77
77
77
AUC: 0.7225667256617155
5.101126432418823
The time elapse of epoch 034 is: 00: 00: 49
(78880, 2)
(78880, 2)
(78880, 2)
(78880, 2)
77
77
77
77
77
77
77
77
77
77
77
77
77
77
77
77
77
77
77
77
77
77
77
77
77
77
77
77
77
77
77
77
77
77
77
77
77
77
77
77
77
77
77
77
77
77
77
77
77
77
77
77
77
77
77
77
77
77
77
77
77
77
77
77
77
77
77
77
77
77
77
77
77
77
77
77
77
AUC: 0.7224551491161433
4.972806930541992
The time elapse of epoch 035 is: 00: 00: 49
(78880, 2)
(78880, 2)
(78880, 2)
(78880, 2)
77
77
77
77
77
77
77
77
77
77
77
77
77
77
77
77
77
77
77
77
77
77
77
77
77
77
77
77
77
77
77
77
77
77
77
77
77
77
77
77
77
77
77
77
77
77
77
77
77
77
77
77
77
77
77
77
77
77
77
77
77
77
77
77
77
77
77
77
77
77
77
77
77
77
77
77
77
AUC: 0.7220089848801635
3.7572379112243652
The time elapse of epoch 036 is: 00: 00: 44
(78880, 2)
(78880, 2)
(78880, 2)
(78880, 2)
77
77
77
77
77
77
77
77
77
77
77
77
77
77
77
77
77
77
77
77
77
77
77
77
77
77
77
77
77
77
77
77
77
77
77
77
77
77
77
77
77
77
77
77
77
77
77
77
77
77
77
77
77
77
77
77
77
77
77
77
77
77
77
77
77
77
77
77
77
77
77
77
77
77
77
77
77
AUC: 0.7225200588934858
3.706693410873413
The time elapse of epoch 037 is: 00: 00: 42
(78880, 2)
(78880, 2)
(78880, 2)
(78880, 2)
77
77
77
77
77
77
77
77
77
77
77
77
77
77
77
77
77
77
77
77
77
77
77
77
77
77
77
77
77
77
77
77
77
77
77
77
77
77
77
77
77
77
77
77
77
77
77
77
77
77
77
77
77
77
77
77
77
77
77
77
77
77
77
77
77
77
77
77
77
77
77
77
77
77
77
77
77
AUC: 0.7221168590482372
3.643634080886841
The time elapse of epoch 038 is: 00: 00: 41
(78880, 2)
(78880, 2)
(78880, 2)
(78880, 2)
77
77
77
77
77
77
77
77
77
77
77
77
77
77
77
77
77
77
77
77
77
77
77
77
77
77
77
77
77
77
77
77
77
77
77
77
77
77
77
77
77
77
77
77
77
77
77
77
77
77
77
77
77
77
77
77
77
77
77
77
77
77
77
77
77
77
77
77
77
77
77
77
77
77
77
77
77
AUC: 0.7223952202344754
3.744300365447998
The time elapse of epoch 039 is: 00: 00: 42
(78880, 2)
(78880, 2)
(78880, 2)
(78880, 2)
77
77
77
77
77
77
77
77
77
77
77
77
77
77
77
77
77
77
77
77
77
77
77
77
77
77
77
77
77
77
77
77
77
77
77
77
77
77
77
77
77
77
77
77
77
77
77
77
77
77
77
77
77
77
77
77
77
77
77
77
77
77
77
77
77
77
77
77
77
77
77
77
77
77
77
77
77
AUC: 0.722447272233169
3.745429515838623
The time elapse of epoch 040 is: 00: 00: 42
(78880, 2)
(78880, 2)
(78880, 2)
(78880, 2)
77
77
77
77
77
77
77
77
77
77
77
77
77
77
77
77
77
77
77
77
77
77
77
77
77
77
77
77
77
77
77
77
77
77
77
77
77
77
77
77
77
77
77
77
77
77
77
77
77
77
77
77
77
77
77
77
77
77
77
77
77
77
77
77
77
77
77
77
77
77
77
77
77
77
77
77
77
AUC: 0.7224475312442363
3.670316696166992
The time elapse of epoch 041 is: 00: 00: 41
(78880, 2)
(78880, 2)
(78880, 2)
(78880, 2)
77
77
77
77
77
77
77
77
77
77
77
77
77
77
77
77
77
77
77
77
77
77
77
77
77
77
77
77
77
77
77
77
77
77
77
77
77
77
77
77
77
77
77
77
77
77
77
77
77
77
77
77
77
77
77
77
77
77
77
77
77
77
77
77
77
77
77
77
77
77
77
77
77
77
77
77
77
AUC: 0.7224237474087362
3.735020875930786
The time elapse of epoch 042 is: 00: 00: 42
(78880, 2)
(78880, 2)
(78880, 2)
(78880, 2)
77
77
77
77
77
77
77
77
77
77
77
77
77
77
77
77
77
77
77
77
77
77
77
77
77
77
77
77
77
77
77
77
77
77
77
77
77
77
77
77
77
77
77
77
77
77
77
77
77
77
77
77
77
77
77
77
77
77
77
77
77
77
77
77
77
77
77
77
77
77
77
77
77
77
77
77
77
AUC: 0.7224205599025645
3.6804254055023193
The time elapse of epoch 043 is: 00: 00: 42
(78880, 2)
(78880, 2)
(78880, 2)
(78880, 2)
77
77
77
77
77
77
77
77
77
77
77
77
77
77
77
77
77
77
77
77
77
77
77
77
77
77
77
77
77
77
77
77
77
77
77
77
77
77
77
77
77
77
77
77
77
77
77
77
77
77
77
77
77
77
77
77
77
77
77
77
77
77
77
77
77
77
77
77
77
77
77
77
77
77
77
77
77
AUC: 0.722269190386818
3.7168774604797363
The time elapse of epoch 044 is: 00: 00: 41
(78880, 2)
(78880, 2)
(78880, 2)
(78880, 2)
77
77
77
77
77
77
77
77
77
77
77
77
77
77
77
77
77
77
77
77
77
77
77
77
77
77
77
77
77
77
77
77
77
77
77
77
77
77
77
77
77
77
77
77
77
77
77
77
77
77
77
77
77
77
77
77
77
77
77
77
77
77
77
77
77
77
77
77
77
77
77
77
77
77
77
77
77
AUC: 0.7223420964529211
3.734950304031372
The time elapse of epoch 045 is: 00: 00: 42
(78880, 2)
(78880, 2)
(78880, 2)
(78880, 2)
77
77
77
77
77
77
77
77
77
77
77
77
77
77
77
77
77
77
77
77
77
77
77
77
77
77
77
77
77
77
77
77
77
77
77
77
77
77
77
77
77
77
77
77
77
77
77
77
77
77
77
77
77
77
77
77
77
77
77
77
77
77
77
77
77
77
77
77
77
77
77
77
77
77
77
77
77
AUC: 0.7221889877029082
3.6867752075195312
The time elapse of epoch 046 is: 00: 00: 42
(78880, 2)
(78880, 2)
(78880, 2)
(78880, 2)
77
77
77
77
77
77
77
77
77
77
77
77
77
77
77
77
77
77
77
77
77
77
77
77
77
77
77
77
77
77
77
77
77
77
77
77
77
77
77
77
77
77
77
77
77
77
77
77
77
77
77
77
77
77
77
77
77
77
77
77
77
77
77
77
77
77
77
77
77
77
77
77
77
77
77
77
77
AUC: 0.7224350475086326
3.7734601497650146
The time elapse of epoch 047 is: 00: 00: 44
(78880, 2)
(78880, 2)
(78880, 2)
(78880, 2)
77
77
77
77
77
77
77
77
77
77
77
77
77
77
77
77
77
77
77
77
77
77
77
77
77
77
77
77
77
77
77
77
77
77
77
77
77
77
77
77
77
77
77
77
77
77
77
77
77
77
77
77
77
77
77
77
77
77
77
77
77
77
77
77
77
77
77
77
77
77
77
77
77
77
77
77
77
AUC: 0.7222676777691163
3.715878963470459
The time elapse of epoch 048 is: 00: 00: 43
(78880, 2)
(78880, 2)
(78880, 2)
(78880, 2)
77
77
77
77
77
77
77
77
77
77
77
77
77
77
77
77
77
77
77
77
77
77
77
77
77
77
77
77
77
77
77
77
77
77
77
77
77
77
77
77
77
77
77
77
77
77
77
77
77
77
77
77
77
77
77
77
77
77
77
77
77
77
77
77
77
77
77
77
77
77
77
77
77
77
77
77
77
AUC: 0.7227832498497198
3.6506175994873047
The time elapse of epoch 049 is: 00: 00: 42

Process finished with exit code 0
