C:\Users\10922\.conda\envs\python38\python.exe C:/Users/10922/Desktop/pdfs/AIC/project/BPR_MF3/main.py 
(78880, 2)
(78880, 2)
(78880, 2)
(78880, 2)
(78880, 2)
77
77
77
77
77
77
77
77
77
77
77
77
77
77
77
77
77
77
77
77
77
77
77
77
77
77
77
77
77
77
77
77
77
77
77
77
77
77
77
77
77
77
77
77
77
77
77
77
77
77
77
77
77
77
77
77
77
77
77
77
77
77
77
77
77
77
77
77
77
77
77
77
77
77
77
77
77
tensor([ 0.0282,  0.0031, -0.0114,  0.0383,  0.0266,  0.0488,  0.0389,  0.0115,
         0.0363,  0.0177,  0.0144,  0.0288,  0.0025,  0.0393,  0.0364,  0.0096,
         0.0139,  0.0178,  0.0248,  0.0064,  0.0340,  0.0218,  0.0116,  0.0363,
        -0.0150,  0.0247,  0.0338,  0.0279,  0.0092,  0.0257,  0.0221,  0.0122],
       grad_fn=<SelectBackward0>) tensor([-0.0067, -0.0493, -0.0148, -0.0286, -0.0201, -0.0202, -0.0342, -0.0355,
        -0.0258, -0.0084, -0.0432, -0.0242, -0.0363, -0.0186, -0.0144, -0.0520,
        -0.0361, -0.0243, -0.0006, -0.0117, -0.0057, -0.0154,  0.0026, -0.0182,
        -0.0256, -0.0167, -0.0398, -0.0095, -0.0286, -0.0115, -0.0303, -0.0209],
       grad_fn=<SelectBackward0>)
AUC: 0.7314837694524104
7.532391548156738
The time elapse of epoch 000 is: 00: 01: 08
(78880, 2)
(78880, 2)
(78880, 2)
(78880, 2)
77
77
77
77
77
77
77
77
77
77
77
77
77
77
77
77
77
77
77
77
77
77
77
77
77
77
77
77
77
77
77
77
77
77
77
77
77
77
77
77
77
77
77
77
77
77
77
77
77
77
77
77
77
77
77
77
77
77
77
77
77
77
77
77
77
77
77
77
77
77
77
77
77
77
77
77
77
tensor([0.0530, 0.0202, 0.0033, 0.0693, 0.0551, 0.0776, 0.0626, 0.0314, 0.0604,
        0.0376, 0.0329, 0.0534, 0.0189, 0.0663, 0.0616, 0.0267, 0.0404, 0.0380,
        0.0529, 0.0336, 0.0601, 0.0414, 0.0329, 0.0616, 0.0035, 0.0458, 0.0643,
        0.0488, 0.0314, 0.0494, 0.0482, 0.0367], grad_fn=<SelectBackward0>) tensor([-0.0610, -0.1044, -0.0673, -0.0836, -0.0724, -0.0730, -0.0931, -0.0894,
        -0.0800, -0.0610, -0.0987, -0.0787, -0.0933, -0.0745, -0.0668, -0.1089,
        -0.0916, -0.0794, -0.0499, -0.0605, -0.0578, -0.0705, -0.0485, -0.0741,
        -0.0801, -0.0722, -0.0919, -0.0586, -0.0809, -0.0624, -0.0827, -0.0736],
       grad_fn=<SelectBackward0>)
AUC: 0.7302494649089183
7.676576137542725
The time elapse of epoch 001 is: 00: 01: 07
(78880, 2)
(78880, 2)
(78880, 2)
(78880, 2)
77
77
77
77
77
77
77
77
77
77
77
77
77
77
77
77
77
77
77
77
77
77
77
77
77
77
77
77
77
77
77
77
77
77
77
77
77
77
77
77
77
77
77
77
77
77
77
77
77
77
77
77
77
77
77
77
77
77
77
77
77
77
77
77
77
77
77
77
77
77
77
77
77
77
77
77
77
tensor([0.0711, 0.0349, 0.0109, 0.0895, 0.0721, 0.0986, 0.0777, 0.0420, 0.0800,
        0.0527, 0.0466, 0.0704, 0.0328, 0.0842, 0.0768, 0.0419, 0.0586, 0.0519,
        0.0682, 0.0508, 0.0768, 0.0540, 0.0494, 0.0788, 0.0137, 0.0596, 0.0848,
        0.0654, 0.0460, 0.0660, 0.0668, 0.0522], grad_fn=<SelectBackward0>) tensor([-0.1137, -0.1577, -0.1212, -0.1385, -0.1240, -0.1276, -0.1498, -0.1434,
        -0.1330, -0.1150, -0.1530, -0.1342, -0.1503, -0.1280, -0.1219, -0.1655,
        -0.1476, -0.1340, -0.0983, -0.1108, -0.1123, -0.1257, -0.0986, -0.1267,
        -0.1342, -0.1233, -0.1494, -0.1094, -0.1350, -0.1167, -0.1346, -0.1280],
       grad_fn=<SelectBackward0>)
AUC: 0.7309854690940001
7.120389223098755
The time elapse of epoch 002 is: 00: 01: 06
(78880, 2)
(78880, 2)
(78880, 2)
(78880, 2)
77
77
77
77
77
77
77
77
77
77
77
77
77
77
77
77
77
77
77
77
77
77
77
77
77
77
77
77
77
77
77
77
77
77
77
77
77
77
77
77
77
77
77
77
77
77
77
77
77
77
77
77
77
77
77
77
77
77
77
77
77
77
77
77
77
77
77
77
77
77
77
77
77
77
77
77
77
tensor([0.0898, 0.0485, 0.0214, 0.1091, 0.0906, 0.1198, 0.0942, 0.0547, 0.0967,
        0.0681, 0.0602, 0.0875, 0.0454, 0.1025, 0.0934, 0.0568, 0.0780, 0.0665,
        0.0858, 0.0689, 0.0945, 0.0679, 0.0667, 0.0951, 0.0243, 0.0774, 0.1054,
        0.0825, 0.0619, 0.0846, 0.0845, 0.0674], grad_fn=<SelectBackward0>) tensor([-0.1605, -0.2071, -0.1697, -0.1888, -0.1705, -0.1743, -0.1994, -0.1930,
        -0.1781, -0.1625, -0.2010, -0.1827, -0.2018, -0.1753, -0.1693, -0.2149,
        -0.1984, -0.1839, -0.1421, -0.1569, -0.1581, -0.1761, -0.1455, -0.1735,
        -0.1836, -0.1692, -0.1960, -0.1559, -0.1794, -0.1646, -0.1807, -0.1749],
       grad_fn=<SelectBackward0>)
AUC: 0.7325349056409958
8.031721115112305
The time elapse of epoch 003 is: 00: 01: 07
(78880, 2)
(78880, 2)
(78880, 2)
(78880, 2)
77
77
77
77
77
77
77
77
77
77
77
77
77
77
77
77
77
77
77
77
77
77
77
77
77
77
77
77
77
77
77
77
77
77
77
77
77
77
77
77
77
77
77
77
77
77
77
77
77
77
77
77
77
77
77
77
77
77
77
77
77
77
77
77
77
77
77
77
77
77
77
77
77
77
77
77
77
tensor([0.0903, 0.0468, 0.0151, 0.1124, 0.0934, 0.1221, 0.0946, 0.0521, 0.0968,
        0.0674, 0.0599, 0.0885, 0.0439, 0.1038, 0.0926, 0.0567, 0.0803, 0.0654,
        0.0872, 0.0697, 0.0971, 0.0651, 0.0682, 0.0987, 0.0201, 0.0791, 0.1117,
        0.0835, 0.0617, 0.0848, 0.0880, 0.0674], grad_fn=<SelectBackward0>) tensor([-0.2015, -0.2513, -0.2124, -0.2319, -0.2120, -0.2176, -0.2432, -0.2350,
        -0.2169, -0.2040, -0.2426, -0.2268, -0.2461, -0.2159, -0.2116, -0.2584,
        -0.2415, -0.2277, -0.1823, -0.1973, -0.1972, -0.2192, -0.1858, -0.2185,
        -0.2272, -0.2100, -0.2394, -0.1935, -0.2204, -0.2068, -0.2234, -0.2174],
       grad_fn=<SelectBackward0>)
AUC: 0.7338110910822162
7.995794296264648
The time elapse of epoch 004 is: 00: 01: 05
(78880, 2)
(78880, 2)
(78880, 2)
(78880, 2)
77
77
77
77
77
77
77
77
77
77
77
77
77
77
77
77
77
77
77
77
77
77
77
77
77
77
77
77
77
77
77
77
77
77
77
77
77
77
77
77
77
77
77
77
77
77
77
77
77
77
77
77
77
77
77
77
77
77
77
77
77
77
77
77
77
77
77
77
77
77
77
77
77
77
77
77
77
tensor([0.1015, 0.0562, 0.0206, 0.1261, 0.1053, 0.1364, 0.1051, 0.0589, 0.1077,
        0.0761, 0.0690, 0.0983, 0.0520, 0.1172, 0.1020, 0.0646, 0.0920, 0.0745,
        0.0974, 0.0803, 0.1087, 0.0725, 0.0775, 0.1102, 0.0266, 0.0891, 0.1264,
        0.0944, 0.0713, 0.0965, 0.1003, 0.0777], grad_fn=<SelectBackward0>) tensor([-0.2254, -0.2799, -0.2376, -0.2601, -0.2366, -0.2439, -0.2705, -0.2614,
        -0.2423, -0.2293, -0.2680, -0.2549, -0.2746, -0.2416, -0.2376, -0.2864,
        -0.2708, -0.2560, -0.2052, -0.2217, -0.2231, -0.2470, -0.2114, -0.2446,
        -0.2549, -0.2345, -0.2655, -0.2166, -0.2453, -0.2317, -0.2472, -0.2435],
       grad_fn=<SelectBackward0>)
AUC: 0.734674776376534
4.05506157875061
The time elapse of epoch 005 is: 00: 00: 56
(78880, 2)
(78880, 2)
(78880, 2)
(78880, 2)
77
77
77
77
77
77
77
77
77
77
77
77
77
77
77
77
77
77
77
77
77
77
77
77
77
77
77
77
77
77
77
77
77
77
77
77
77
77
77
77
77
77
77
77
77
77
77
77
77
77
77
77
77
77
77
77
77
77
77
77
77
77
77
77
77
77
77
77
77
77
77
77
77
77
77
77
77
tensor([0.1013, 0.0528, 0.0129, 0.1265, 0.1051, 0.1386, 0.1047, 0.0519, 0.1073,
        0.0716, 0.0637, 0.0949, 0.0474, 0.1168, 0.0987, 0.0597, 0.0922, 0.0710,
        0.0961, 0.0813, 0.1089, 0.0695, 0.0743, 0.1097, 0.0200, 0.0875, 0.1312,
        0.0946, 0.0685, 0.0959, 0.1012, 0.0762], grad_fn=<SelectBackward0>) tensor([-0.2382, -0.2975, -0.2544, -0.2774, -0.2502, -0.2582, -0.2881, -0.2766,
        -0.2538, -0.2416, -0.2838, -0.2735, -0.2914, -0.2566, -0.2514, -0.3043,
        -0.2898, -0.2724, -0.2158, -0.2324, -0.2352, -0.2640, -0.2237, -0.2615,
        -0.2731, -0.2449, -0.2814, -0.2275, -0.2592, -0.2479, -0.2605, -0.2573],
       grad_fn=<SelectBackward0>)
AUC: 0.7351085790002888
7.254406690597534
The time elapse of epoch 006 is: 00: 01: 02
(78880, 2)
(78880, 2)
(78880, 2)
(78880, 2)
77
77
77
77
77
77
77
77
77
77
77
77
77
77
77
77
77
77
77
77
77
77
77
77
77
77
77
77
77
77
77
77
77
77
77
77
77
77
77
77
77
77
77
77
77
77
77
77
77
77
77
77
77
77
77
77
77
77
77
77
77
77
77
77
77
77
77
77
77
77
77
77
77
77
77
77
77
tensor([0.1084, 0.0559, 0.0150, 0.1358, 0.1136, 0.1474, 0.1132, 0.0543, 0.1147,
        0.0750, 0.0681, 0.1026, 0.0521, 0.1261, 0.1057, 0.0634, 0.1007, 0.0758,
        0.1025, 0.0890, 0.1162, 0.0745, 0.0806, 0.1199, 0.0220, 0.0934, 0.1422,
        0.1024, 0.0749, 0.1036, 0.1096, 0.0841], grad_fn=<SelectBackward0>) tensor([-0.2605, -0.3231, -0.2789, -0.3023, -0.2714, -0.2812, -0.3133, -0.2997,
        -0.2715, -0.2608, -0.3080, -0.3015, -0.3151, -0.2805, -0.2722, -0.3262,
        -0.3156, -0.2945, -0.2350, -0.2511, -0.2553, -0.2887, -0.2442, -0.2832,
        -0.3003, -0.2639, -0.3051, -0.2443, -0.2785, -0.2692, -0.2797, -0.2767],
       grad_fn=<SelectBackward0>)
AUC: 0.7352928183449389
7.816677093505859
The time elapse of epoch 007 is: 00: 01: 07
(78880, 2)
(78880, 2)
(78880, 2)
(78880, 2)
77
77
77
77
77
77
77
77
77
77
77
77
77
77
77
77
77
77
77
77
77
77
77
77
77
77
77
77
77
77
77
77
77
77
77
77
77
77
77
77
77
77
77
77
77
77
77
77
77
77
77
77
77
77
77
77
77
77
77
77
77
77
77
77
77
77
77
77
77
77
77
77
77
77
77
77
77
tensor([0.1103, 0.0532, 0.0094, 0.1407, 0.1171, 0.1502, 0.1141, 0.0508, 0.1179,
        0.0731, 0.0665, 0.1050, 0.0496, 0.1307, 0.1074, 0.0604, 0.1056, 0.0735,
        0.1039, 0.0919, 0.1195, 0.0736, 0.0800, 0.1236, 0.0173, 0.0945, 0.1470,
        0.1055, 0.0753, 0.1057, 0.1129, 0.0852], grad_fn=<SelectBackward0>) tensor([-0.2797, -0.3475, -0.2990, -0.3254, -0.2905, -0.3021, -0.3356, -0.3221,
        -0.2877, -0.2776, -0.3284, -0.3244, -0.3385, -0.3028, -0.2909, -0.3482,
        -0.3400, -0.3150, -0.2507, -0.2660, -0.2755, -0.3131, -0.2636, -0.3050,
        -0.3262, -0.2828, -0.3257, -0.2595, -0.2968, -0.2885, -0.2959, -0.2947],
       grad_fn=<SelectBackward0>)
AUC: 0.7353247944041265
7.77867579460144
The time elapse of epoch 008 is: 00: 01: 07
(78880, 2)
(78880, 2)
(78880, 2)
(78880, 2)
77
77
77
77
77
77
77
77
77
77
77
77
77
77
77
77
77
77
77
77
77
77
77
77
77
77
77
77
77
77
77
77
77
77
77
77
77
77
77
77
77
77
77
77
77
77
77
77
77
77
77
77
77
77
77
77
77
77
77
77
77
77
77
77
77
77
77
77
77
77
77
77
77
77
77
77
77
tensor([0.1120, 0.0517, 0.0037, 0.1444, 0.1184, 0.1544, 0.1146, 0.0485, 0.1184,
        0.0733, 0.0642, 0.1056, 0.0441, 0.1331, 0.1061, 0.0569, 0.1080, 0.0710,
        0.1050, 0.0930, 0.1225, 0.0706, 0.0778, 0.1271, 0.0129, 0.0944, 0.1509,
        0.1068, 0.0746, 0.1080, 0.1157, 0.0842], grad_fn=<SelectBackward0>) tensor([-0.2870, -0.3604, -0.3126, -0.3371, -0.2986, -0.3101, -0.3461, -0.3320,
        -0.2924, -0.2844, -0.3379, -0.3370, -0.3490, -0.3129, -0.2993, -0.3579,
        -0.3535, -0.3259, -0.2567, -0.2711, -0.2825, -0.3263, -0.2711, -0.3147,
        -0.3412, -0.2872, -0.3346, -0.2643, -0.3019, -0.2958, -0.2996, -0.3011],
       grad_fn=<SelectBackward0>)
AUC: 0.7351206639079348
8.087406158447266
The time elapse of epoch 009 is: 00: 01: 14
(78880, 2)
(78880, 2)
(78880, 2)
(78880, 2)
77
77
77
77
77
77
77
77
77
77
77
77
77
77
77
77
77
77
77
77
77
77
77
77
77
77
77
77
77
77
77
77
77
77
77
77
77
77
77
77
77
77
77
77
77
77
77
77
77
77
77
77
77
77
77
77
77
77
77
77
77
77
77
77
77
77
77
77
77
77
77
77
77
77
77
77
77
tensor([ 0.1117,  0.0484, -0.0029,  0.1507,  0.1203,  0.1580,  0.1144,  0.0455,
         0.1194,  0.0705,  0.0610,  0.1071,  0.0424,  0.1361,  0.1045,  0.0528,
         0.1103,  0.0684,  0.1058,  0.0956,  0.1252,  0.0674,  0.0782,  0.1286,
         0.0071,  0.0938,  0.1562,  0.1095,  0.0745,  0.1086,  0.1183,  0.0835],
       grad_fn=<SelectBackward0>) tensor([-0.2949, -0.3757, -0.3266, -0.3505, -0.3073, -0.3221, -0.3600, -0.3446,
        -0.2984, -0.2931, -0.3510, -0.3519, -0.3643, -0.3253, -0.3081, -0.3702,
        -0.3704, -0.3384, -0.2641, -0.2761, -0.2903, -0.3444, -0.2801, -0.3266,
        -0.3578, -0.2934, -0.3444, -0.2712, -0.3093, -0.3083, -0.3061, -0.3107],
       grad_fn=<SelectBackward0>)
AUC: 0.7350222885040875
7.340147495269775
The time elapse of epoch 010 is: 00: 01: 08
(78880, 2)
(78880, 2)
(78880, 2)
(78880, 2)
77
77
77
77
77
77
77
77
77
77
77
77
77
77
77
77
77
77
77
77
77
77
77
77
77
77
77
77
77
77
77
77
77
77
77
77
77
77
77
77
77
77
77
77
77
77
77
77
77
77
77
77
77
77
77
77
77
77
77
77
77
77
77
77
77
77
77
77
77
77
77
77
77
77
77
77
77
tensor([ 0.1199,  0.0505, -0.0047,  0.1624,  0.1285,  0.1682,  0.1215,  0.0492,
         0.1265,  0.0728,  0.0651,  0.1142,  0.0461,  0.1461,  0.1090,  0.0531,
         0.1183,  0.0709,  0.1105,  0.1036,  0.1333,  0.0705,  0.0840,  0.1386,
         0.0082,  0.1006,  0.1662,  0.1192,  0.0793,  0.1160,  0.1269,  0.0903],
       grad_fn=<SelectBackward0>) tensor([-0.3009, -0.3851, -0.3345, -0.3588, -0.3123, -0.3317, -0.3688, -0.3551,
        -0.3012, -0.2974, -0.3593, -0.3650, -0.3759, -0.3341, -0.3144, -0.3799,
        -0.3831, -0.3462, -0.2691, -0.2765, -0.2957, -0.3568, -0.2862, -0.3343,
        -0.3730, -0.2968, -0.3490, -0.2736, -0.3148, -0.3170, -0.3103, -0.3161],
       grad_fn=<SelectBackward0>)
AUC: 0.7349785748625818
7.550873279571533
The time elapse of epoch 011 is: 00: 01: 03
(78880, 2)
(78880, 2)
(78880, 2)
(78880, 2)
77
77
77
77
77
77
77
77
77
77
77
77
77
77
77
77
77
77
77
77
77
77
77
77
77
77
77
77
77
77
77
77
77
77
77
77
77
77
77
77
77
77
77
77
77
77
77
77
77
77
77
77
77
77
77
77
77
77
77
77
77
77
77
77
77
77
77
77
77
77
77
77
77
77
77
77
77
tensor([ 0.1250,  0.0500, -0.0083,  0.1694,  0.1351,  0.1748,  0.1253,  0.0484,
         0.1309,  0.0741,  0.0651,  0.1209,  0.0451,  0.1517,  0.1109,  0.0513,
         0.1244,  0.0708,  0.1139,  0.1093,  0.1388,  0.0703,  0.0862,  0.1459,
         0.0066,  0.1052,  0.1746,  0.1247,  0.0820,  0.1217,  0.1320,  0.0916],
       grad_fn=<SelectBackward0>) tensor([-0.3143, -0.4052, -0.3548, -0.3809, -0.3246, -0.3465, -0.3871, -0.3736,
        -0.3105, -0.3116, -0.3775, -0.3892, -0.3951, -0.3524, -0.3319, -0.3981,
        -0.4065, -0.3659, -0.2815, -0.2849, -0.3091, -0.3791, -0.3016, -0.3518,
        -0.3985, -0.3061, -0.3645, -0.2826, -0.3294, -0.3349, -0.3208, -0.3287],
       grad_fn=<SelectBackward0>)
AUC: 0.7348730913645426
7.134205341339111
The time elapse of epoch 012 is: 00: 01: 10
(78880, 2)
(78880, 2)
(78880, 2)
(78880, 2)
77
77
77
77
77
77
77
77
77
77
77
77
77
77
77
77
77
77
77
77
77
77
77
77
77
77
77
77
77
77
77
77
77
77
77
77
77
77
77
77
77
77
77
77
77
77
77
77
77
77
77
77
77
77
77
77
77
77
77
77
77
77
77
77
77
77
77
77
77
77
77
77
77
77
77
77
77
tensor([ 0.1243,  0.0431, -0.0177,  0.1749,  0.1339,  0.1790,  0.1263,  0.0422,
         0.1317,  0.0700,  0.0596,  0.1224,  0.0419,  0.1549,  0.1065,  0.0461,
         0.1261,  0.0657,  0.1126,  0.1128,  0.1413,  0.0661,  0.0833,  0.1471,
        -0.0005,  0.1038,  0.1784,  0.1252,  0.0823,  0.1208,  0.1337,  0.0894],
       grad_fn=<SelectBackward0>) tensor([-0.3213, -0.4177, -0.3672, -0.3960, -0.3303, -0.3543, -0.3988, -0.3876,
        -0.3121, -0.3160, -0.3906, -0.4049, -0.4068, -0.3658, -0.3393, -0.4109,
        -0.4240, -0.3772, -0.2878, -0.2861, -0.3172, -0.3964, -0.3077, -0.3622,
        -0.4173, -0.3098, -0.3729, -0.2839, -0.3376, -0.3433, -0.3262, -0.3332],
       grad_fn=<SelectBackward0>)
AUC: 0.7348601533061085
7.075705528259277
The time elapse of epoch 013 is: 00: 01: 08
(78880, 2)
(78880, 2)
(78880, 2)
(78880, 2)
77
77
77
77
77
77
77
77
77
77
77
77
77
77
77
77
77
77
77
77
77
77
77
77
77
77
77
77
77
77
77
77
77
77
77
77
77
77
77
77
77
77
77
77
77
77
77
77
77
77
77
77
77
77
77
77
77
77
77
77
77
77
77
77
77
77
77
77
77
77
77
77
77
77
77
77
77
tensor([ 0.1319,  0.0436, -0.0208,  0.1862,  0.1423,  0.1909,  0.1338,  0.0426,
         0.1365,  0.0732,  0.0624,  0.1310,  0.0437,  0.1653,  0.1103,  0.0454,
         0.1360,  0.0650,  0.1187,  0.1200,  0.1496,  0.0696,  0.0884,  0.1565,
        -0.0012,  0.1128,  0.1885,  0.1320,  0.0892,  0.1278,  0.1414,  0.0936],
       grad_fn=<SelectBackward0>) tensor([-0.3191, -0.4224, -0.3709, -0.4016, -0.3231, -0.3552, -0.4009, -0.3867,
        -0.3030, -0.3140, -0.3919, -0.4085, -0.4085, -0.3676, -0.3359, -0.4138,
        -0.4320, -0.3825, -0.2818, -0.2777, -0.3102, -0.4033, -0.3019, -0.3622,
        -0.4257, -0.3031, -0.3710, -0.2782, -0.3324, -0.3414, -0.3223, -0.3291],
       grad_fn=<SelectBackward0>)
AUC: 0.7351243005033635
8.032240629196167
The time elapse of epoch 014 is: 00: 01: 09
(78880, 2)
(78880, 2)
(78880, 2)
(78880, 2)
77
77
77
77
77
77
77
77
77
77
77
77
77
77
77
77
77
77
77
77
77
77
77
77
77
77
77
77
77
77
77
77
77
77
77
77
77
77
77
77
77
77
77
77
77
77
77
77
77
77
77
77
77
77
77
77
77
77
77
77
77
77
77
77
77
77
77
77
77
77
77
77
77
77
77
77
77
tensor([ 0.1423,  0.0475, -0.0211,  0.2022,  0.1572,  0.2051,  0.1467,  0.0462,
         0.1508,  0.0811,  0.0677,  0.1457,  0.0494,  0.1807,  0.1210,  0.0479,
         0.1546,  0.0707,  0.1287,  0.1339,  0.1625,  0.0773,  0.0955,  0.1696,
         0.0015,  0.1240,  0.2058,  0.1448,  0.0997,  0.1430,  0.1552,  0.1067],
       grad_fn=<SelectBackward0>) tensor([-0.3298, -0.4416, -0.3856, -0.4206, -0.3324, -0.3651, -0.4123, -0.4027,
        -0.3055, -0.3235, -0.4036, -0.4291, -0.4216, -0.3818, -0.3504, -0.4287,
        -0.4528, -0.4036, -0.2931, -0.2791, -0.3198, -0.4262, -0.3128, -0.3753,
        -0.4503, -0.3111, -0.3853, -0.2841, -0.3397, -0.3576, -0.3276, -0.3371],
       grad_fn=<SelectBackward0>)
AUC: 0.7353581113744843
4.090501546859741
The time elapse of epoch 015 is: 00: 01: 01
(78880, 2)
(78880, 2)
(78880, 2)
(78880, 2)
77
77
77
77
77
77
77
77
77
77
77
77
77
77
77
77
77
77
77
77
77
77
77
77
77
77
77
77
77
77
77
77
77
77
77
77
77
77
77
77
77
77
77
77
77
77
77
77
77
77
77
77
77
77
77
77
77
77
77
77
77
77
77
77
77
77
77
77
77
77
77
77
77
77
77
77
77
tensor([ 0.1430,  0.0415, -0.0339,  0.2076,  0.1599,  0.2126,  0.1460,  0.0365,
         0.1544,  0.0753,  0.0644,  0.1472,  0.0434,  0.1802,  0.1162,  0.0381,
         0.1587,  0.0627,  0.1263,  0.1364,  0.1624,  0.0732,  0.0897,  0.1756,
        -0.0078,  0.1233,  0.2124,  0.1460,  0.0982,  0.1439,  0.1574,  0.1083],
       grad_fn=<SelectBackward0>) tensor([-0.3360, -0.4564, -0.4005, -0.4390, -0.3409, -0.3729, -0.4234, -0.4179,
        -0.3039, -0.3293, -0.4154, -0.4523, -0.4319, -0.3989, -0.3575, -0.4411,
        -0.4759, -0.4186, -0.2988, -0.2771, -0.3268, -0.4452, -0.3203, -0.3843,
        -0.4736, -0.3152, -0.3967, -0.2861, -0.3452, -0.3686, -0.3279, -0.3415],
       grad_fn=<SelectBackward0>)
AUC: 0.7358838413579836
4.5163867473602295
The time elapse of epoch 016 is: 00: 00: 48
(78880, 2)
(78880, 2)
(78880, 2)
(78880, 2)
77
77
77
77
77
77
77
77
77
77
77
77
77
77
77
77
77
77
77
77
77
77
77
77
77
77
77
77
77
77
77
77
77
77
77
77
77
77
77
77
77
77
77
77
77
77
77
77
77
77
77
77
77
77
77
77
77
77
77
77
77
77
77
77
77
77
77
77
77
77
77
77
77
77
77
77
77
tensor([ 0.1374,  0.0294, -0.0495,  0.2096,  0.1584,  0.2131,  0.1423,  0.0235,
         0.1493,  0.0636,  0.0573,  0.1485,  0.0288,  0.1787,  0.1088,  0.0233,
         0.1623,  0.0499,  0.1209,  0.1347,  0.1632,  0.0620,  0.0809,  0.1757,
        -0.0197,  0.1183,  0.2136,  0.1448,  0.0893,  0.1393,  0.1521,  0.1041],
       grad_fn=<SelectBackward0>) tensor([-0.3385, -0.4645, -0.4096, -0.4487, -0.3397, -0.3789, -0.4293, -0.4260,
        -0.2971, -0.3282, -0.4193, -0.4680, -0.4375, -0.4058, -0.3588, -0.4468,
        -0.4896, -0.4258, -0.3015, -0.2736, -0.3280, -0.4640, -0.3184, -0.3908,
        -0.4935, -0.3142, -0.3996, -0.2836, -0.3406, -0.3741, -0.3228, -0.3451],
       grad_fn=<SelectBackward0>)
AUC: 0.7364949370131006
4.104243278503418
The time elapse of epoch 017 is: 00: 00: 49
(78880, 2)
(78880, 2)
(78880, 2)
(78880, 2)
77
77
77
77
77
77
77
77
77
77
77
77
77
77
77
77
77
77
77
77
77
77
77
77
77
77
77
77
77
77
77
77
77
77
77
77
77
77
77
77
77
77
77
77
77
77
77
77
77
77
77
77
77
77
77
77
77
77
77
77
77
77
77
77
77
77
77
77
77
77
77
77
77
77
77
77
77
tensor([ 0.1406,  0.0261, -0.0588,  0.2207,  0.1636,  0.2197,  0.1470,  0.0175,
         0.1530,  0.0614,  0.0545,  0.1519,  0.0253,  0.1855,  0.1056,  0.0162,
         0.1728,  0.0446,  0.1206,  0.1381,  0.1676,  0.0581,  0.0788,  0.1787,
        -0.0291,  0.1211,  0.2232,  0.1520,  0.0877,  0.1459,  0.1547,  0.1072],
       grad_fn=<SelectBackward0>) tensor([-0.3396, -0.4747, -0.4199, -0.4646, -0.3363, -0.3826, -0.4352, -0.4334,
        -0.2890, -0.3311, -0.4240, -0.4860, -0.4392, -0.4108, -0.3615, -0.4541,
        -0.5098, -0.4373, -0.3042, -0.2673, -0.3313, -0.4786, -0.3201, -0.3966,
        -0.5159, -0.3129, -0.4044, -0.2795, -0.3386, -0.3816, -0.3168, -0.3435],
       grad_fn=<SelectBackward0>)
AUC: 0.7373675726178046
4.15038275718689
The time elapse of epoch 018 is: 00: 00: 50
(78880, 2)
77
77
77
77
77
77
77
77
77
77
77
77
77
77
77
77
77
77
77
77
77
77
77
77
77
77
77
77
77
77
77
77
77
77
77
77
77
77
77
77
77
77
77
77
77
77
77
77
77
77
77
77
77
77
77
77
77
77
77
77
77
77
77
77
77
77
77
77
77
77
77
77
77
77
77
77
77
tensor([ 0.1464,  0.0271, -0.0695,  0.2345,  0.1707,  0.2301,  0.1501,  0.0119,
         0.1582,  0.0616,  0.0531,  0.1588,  0.0221,  0.1954,  0.1016,  0.0112,
         0.1861,  0.0386,  0.1232,  0.1457,  0.1767,  0.0582,  0.0778,  0.1862,
        -0.0353,  0.1215,  0.2334,  0.1597,  0.0887,  0.1515,  0.1607,  0.1126],
       grad_fn=<SelectBackward0>) tensor([-0.3455, -0.4898, -0.4344, -0.4811, -0.3331, -0.3904, -0.4486, -0.4429,
        -0.2860, -0.3377, -0.4307, -0.4983, -0.4467, -0.4201, -0.3669, -0.4655,
        -0.5251, -0.4560, -0.3104, -0.2663, -0.3325, -0.4972, -0.3221, -0.4073,
        -0.5368, -0.3151, -0.4114, -0.2829, -0.3350, -0.3936, -0.3144, -0.3495],
       grad_fn=<SelectBackward0>)
AUC: 0.7384504278006464
4.2358152866363525
The time elapse of epoch 019 is: 00: 00: 52
77
77
77
77
77
77
77
77
77
77
77
77
77
77
77
77
77
77
77
77
77
77
77
77
77
77
77
77
77
77
77
77
77
77
77
77
77
77
77
77
77
77
77
77
77
77
77
77
77
77
77
77
77
77
77
77
77
77
77
77
77
77
77
77
77
77
77
77
77
77
77
77
77
77
77
77
77
tensor([ 0.1526,  0.0283, -0.0784,  0.2483,  0.1867,  0.2360,  0.1554,  0.0085,
         0.1625,  0.0607,  0.0561,  0.1660,  0.0179,  0.2046,  0.1015,  0.0034,
         0.1987,  0.0323,  0.1277,  0.1518,  0.1853,  0.0575,  0.0787,  0.1947,
        -0.0404,  0.1238,  0.2481,  0.1654,  0.0939,  0.1561,  0.1671,  0.1157],
       grad_fn=<SelectBackward0>) tensor([-0.3463, -0.4993, -0.4439, -0.4948, -0.3344, -0.3908, -0.4553, -0.4506,
        -0.2736, -0.3311, -0.4328, -0.5173, -0.4480, -0.4317, -0.3704, -0.4712,
        -0.5460, -0.4665, -0.3112, -0.2543, -0.3350, -0.5186, -0.3175, -0.4106,
        -0.5595, -0.3102, -0.4110, -0.2781, -0.3282, -0.3991, -0.3039, -0.3449],
       grad_fn=<SelectBackward0>)
AUC: 0.7397838428009639
4.27529239654541
The time elapse of epoch 020 is: 00: 00: 50
77
77
77
77
77
77
77
77
77
77
77
77
77
77
77
77
77
77
77
77
77
77
77
77
77
77
77
77
77
77
77
77
77
77
77
77
77
77
77
77
77
77
77
77
77
77
77
77
77
77
77
77
77
77
77
77
77
77
77
77
77
77
77
77
77
77
77
77
77
77
77
77
77
77
77
77
77
tensor([ 0.1521,  0.0219, -0.0900,  0.2630,  0.1966,  0.2435,  0.1577,  0.0038,
         0.1638,  0.0578,  0.0553,  0.1803,  0.0124,  0.2158,  0.0986, -0.0090,
         0.2151,  0.0257,  0.1279,  0.1556,  0.1911,  0.0571,  0.0751,  0.2023,
        -0.0462,  0.1245,  0.2582,  0.1682,  0.0960,  0.1603,  0.1717,  0.1185],
       grad_fn=<SelectBackward0>) tensor([-0.3472, -0.5106, -0.4563, -0.5058, -0.3395, -0.3963, -0.4634, -0.4662,
        -0.2683, -0.3315, -0.4425, -0.5293, -0.4603, -0.4477, -0.3737, -0.4782,
        -0.5670, -0.4757, -0.3140, -0.2481, -0.3439, -0.5413, -0.3168, -0.4269,
        -0.5798, -0.3069, -0.4127, -0.2769, -0.3262, -0.4069, -0.3025, -0.3474],
       grad_fn=<SelectBackward0>)
AUC: 0.7414708475439077
4.136574983596802
The time elapse of epoch 021 is: 00: 00: 49
77
77
77
77
77
77
77
77
77
77
77
77
77
77
77
77
77
77
77
77
77
77
77
77
77
77
77
77
77
77
77
77
77
77
77
77
77
77
77
77
77
77
77
77
77
77
77
77
77
77
77
77
77
77
77
77
77
77
77
77
77
77
77
77
77
77
77
77
77
77
77
77
77
77
77
77
77
tensor([ 0.1500,  0.0123, -0.1073,  0.2661,  0.1959,  0.2398,  0.1535, -0.0134,
         0.1591,  0.0452,  0.0459,  0.1748,  0.0010,  0.2187,  0.0851, -0.0244,
         0.2156,  0.0078,  0.1231,  0.1576,  0.1924,  0.0468,  0.0657,  0.2003,
        -0.0657,  0.1153,  0.2596,  0.1612,  0.0931,  0.1537,  0.1735,  0.1122],
       grad_fn=<SelectBackward0>) tensor([-0.3508, -0.5218, -0.4733, -0.5316, -0.3457, -0.4015, -0.4695, -0.4822,
        -0.2583, -0.3310, -0.4532, -0.5552, -0.4623, -0.4642, -0.3828, -0.4869,
        -0.5963, -0.4905, -0.3213, -0.2369, -0.3507, -0.5686, -0.3183, -0.4345,
        -0.6105, -0.3061, -0.4225, -0.2743, -0.3282, -0.4209, -0.2929, -0.3451],
       grad_fn=<SelectBackward0>)
AUC: 0.7433397973451953
4.160481929779053
The time elapse of epoch 022 is: 00: 00: 50
77
77
77
77
77
77
77
77
77
77
77
77
77
77
77
77
77
77
77
77
77
77
77
77
77
77
77
77
77
77
77
77
77
77
77
77
77
77
77
77
77
77
77
77
77
77
77
77
77
77
77
77
77
77
77
77
77
77
77
77
77
77
77
77
77
77
77
77
77
77
77
77
77
77
77
77
77
tensor([ 0.1528,  0.0041, -0.1176,  0.2863,  0.2045,  0.2446,  0.1604, -0.0181,
         0.1633,  0.0366,  0.0427,  0.1857, -0.0092,  0.2266,  0.0804, -0.0339,
         0.2328, -0.0028,  0.1244,  0.1637,  0.1976,  0.0443,  0.0569,  0.2049,
        -0.0725,  0.1184,  0.2734,  0.1705,  0.0945,  0.1568,  0.1752,  0.1171],
       grad_fn=<SelectBackward0>) tensor([-0.3480, -0.5296, -0.4851, -0.5446, -0.3334, -0.3990, -0.4750, -0.4909,
        -0.2394, -0.3246, -0.4572, -0.5663, -0.4587, -0.4715, -0.3806, -0.4919,
        -0.6166, -0.5003, -0.3161, -0.2268, -0.3422, -0.5886, -0.3115, -0.4373,
        -0.6339, -0.2974, -0.4198, -0.2681, -0.3222, -0.4260, -0.2793, -0.3369],
       grad_fn=<SelectBackward0>)
AUC: 0.745513428938433
4.314698696136475
The time elapse of epoch 023 is: 00: 00: 50
77
77
77
77
77
77
77
77
77
77
77
77
77
77
77
77
77
77
77
77
77
77
77
77
77
77
77
77
77
77
77
77
77
77
77
77
77
77
77
77
77
77
77
77
77
77
77
77
77
77
77
77
77
77
77
77
77
77
77
77
77
77
77
77
77
77
77
77
77
77
77
77
77
77
77
77
77
tensor([ 0.1515, -0.0030, -0.1368,  0.3053,  0.2086,  0.2454,  0.1583, -0.0312,
         0.1610,  0.0253,  0.0325,  0.1946, -0.0261,  0.2261,  0.0717, -0.0479,
         0.2499, -0.0103,  0.1234,  0.1621,  0.2019,  0.0340,  0.0452,  0.2038,
        -0.0838,  0.1202,  0.2832,  0.1716,  0.0882,  0.1569,  0.1678,  0.1174],
       grad_fn=<SelectBackward0>) tensor([-0.3382, -0.5339, -0.4882, -0.5520, -0.3251, -0.3954, -0.4734, -0.4909,
        -0.2257, -0.3201, -0.4532, -0.5761, -0.4519, -0.4709, -0.3785, -0.4957,
        -0.6267, -0.5024, -0.3111, -0.2161, -0.3355, -0.6045, -0.3039, -0.4380,
        -0.6468, -0.2867, -0.4139, -0.2565, -0.3101, -0.4260, -0.2673, -0.3307],
       grad_fn=<SelectBackward0>)
AUC: 0.7477247030629968
4.400015354156494
The time elapse of epoch 024 is: 00: 00: 50
77
77
77
77
77
77
77
77
77
77
77
77
77
77
77
77
77
77
77
77
77
77
77
77
77
77
77
77
77
77
77
77
77
77
77
77
77
77
77
77
77
77
77
77
77
77
77
77
77
77
77
77
77
77
77
77
77
77
77
77
77
77
77
77
77
77
77
77
77
77
77
77
77
77
77
77
77
tensor([ 0.1456, -0.0113, -0.1605,  0.3142,  0.2129,  0.2439,  0.1536, -0.0470,
         0.1523,  0.0083,  0.0199,  0.2014, -0.0413,  0.2264,  0.0575, -0.0648,
         0.2564, -0.0272,  0.1218,  0.1564,  0.2030,  0.0199,  0.0341,  0.2074,
        -0.0994,  0.1157,  0.2893,  0.1664,  0.0829,  0.1501,  0.1592,  0.1104],
       grad_fn=<SelectBackward0>) tensor([-0.3378, -0.5486, -0.5003, -0.5750, -0.3203, -0.3981, -0.4803, -0.5009,
        -0.2083, -0.3209, -0.4593, -0.5893, -0.4595, -0.4838, -0.3775, -0.5035,
        -0.6465, -0.5138, -0.3102, -0.2038, -0.3358, -0.6243, -0.2998, -0.4499,
        -0.6725, -0.2818, -0.4118, -0.2468, -0.3031, -0.4295, -0.2589, -0.3209],
       grad_fn=<SelectBackward0>)
AUC: 0.7500461375624766
4.179410219192505
The time elapse of epoch 025 is: 00: 00: 51
77
77
77
77
77
77
77
77
77
77
77
77
77
77
77
77
77
77
77
77
77
77
77
77
77
77
77
77
77
77
77
77
77
77
77
77
77
77
77
77
77
77
77
77
77
77
77
77
77
77
77
77
77
77
77
77
77
77
77
77
77
77
77
77
77
77
77
77
77
77
77
77
77
77
77
77
77
tensor([ 0.1509, -0.0110, -0.1721,  0.3305,  0.2257,  0.2480,  0.1575, -0.0541,
         0.1562,  0.0027,  0.0194,  0.2191, -0.0493,  0.2332,  0.0515, -0.0743,
         0.2747, -0.0343,  0.1271,  0.1621,  0.2074,  0.0161,  0.0332,  0.2213,
        -0.1072,  0.1282,  0.3110,  0.1736,  0.0867,  0.1561,  0.1585,  0.1146],
       grad_fn=<SelectBackward0>) tensor([-0.3301, -0.5539, -0.5090, -0.5919, -0.3093, -0.3920, -0.4784, -0.5065,
        -0.1896, -0.3141, -0.4621, -0.6064, -0.4556, -0.4905, -0.3725, -0.5076,
        -0.6617, -0.5250, -0.3100, -0.1836, -0.3288, -0.6462, -0.2893, -0.4488,
        -0.6963, -0.2705, -0.4090, -0.2366, -0.2925, -0.4373, -0.2415, -0.3120],
       grad_fn=<SelectBackward0>)
AUC: 0.752361818745155
4.204068422317505
The time elapse of epoch 026 is: 00: 00: 50
77
77
77
77
77
77
77
77
77
77
77
77
77
77
77
77
77
77
77
77
77
77
77
77
77
77
77
77
77
77
77
77
77
77
77
77
77
77
77
77
77
77
77
77
77
77
77
77
77
77
77
77
77
77
77
77
77
77
77
77
77
77
77
77
77
77
77
77
77
77
77
77
77
77
77
77
77
tensor([ 0.1580, -0.0151, -0.1829,  0.3486,  0.2408,  0.2582,  0.1646, -0.0546,
         0.1595,  0.0012,  0.0196,  0.2316, -0.0540,  0.2474,  0.0448, -0.0859,
         0.2889, -0.0424,  0.1328,  0.1632,  0.2146,  0.0133,  0.0334,  0.2341,
        -0.1122,  0.1333,  0.3255,  0.1814,  0.0945,  0.1575,  0.1578,  0.1200],
       grad_fn=<SelectBackward0>) tensor([-0.3277, -0.5624, -0.5195, -0.6075, -0.3026, -0.3983, -0.4846, -0.5194,
        -0.1781, -0.3160, -0.4643, -0.6196, -0.4593, -0.5002, -0.3743, -0.5148,
        -0.6762, -0.5380, -0.3082, -0.1738, -0.3281, -0.6646, -0.2834, -0.4521,
        -0.7167, -0.2649, -0.4120, -0.2361, -0.2847, -0.4465, -0.2320, -0.3070],
       grad_fn=<SelectBackward0>)
AUC: 0.7546863761534135
7.186444044113159
The time elapse of epoch 027 is: 00: 00: 56
77
77
77
77
77
77
77
77
77
77
77
77
77
77
77
77
77
77
77
77
77
77
77
77
77
77
77
77
77
77
77
77
77
77
77
77
77
77
77
77
77
77
77
77
77
77
77
77
77
77
77
77
77
77
77
77
77
77
77
77
77
77
77
77
77
77
77
77
77
77
77
77
77
77
77
77
77
tensor([ 0.1566, -0.0265, -0.2065,  0.3597,  0.2452,  0.2615,  0.1639, -0.0692,
         0.1619, -0.0131,  0.0112,  0.2436, -0.0681,  0.2560,  0.0335, -0.0985,
         0.3049, -0.0638,  0.1281,  0.1681,  0.2242, -0.0015,  0.0252,  0.2402,
        -0.1314,  0.1336,  0.3374,  0.1886,  0.0891,  0.1586,  0.1547,  0.1162],
       grad_fn=<SelectBackward0>) tensor([-0.3270, -0.5672, -0.5254, -0.6129, -0.2866, -0.3945, -0.4891, -0.5310,
        -0.1610, -0.3095, -0.4707, -0.6263, -0.4600, -0.5050, -0.3689, -0.5196,
        -0.6886, -0.5459, -0.3043, -0.1557, -0.3188, -0.6800, -0.2734, -0.4631,
        -0.7345, -0.2524, -0.4066, -0.2344, -0.2649, -0.4482, -0.2183, -0.2969],
       grad_fn=<SelectBackward0>)
AUC: 0.7569184243138688
7.923090219497681
The time elapse of epoch 028 is: 00: 01: 14
77
77
77
77
77
77
77
77
77
77
77
77
77
77
77
77
77
77
77
77
77
77
77
77
77
77
77
77
77
77
77
77
77
77
77
77
77
77
77
77
77
77
77
77
77
77
77
77
77
77
77
77
77
77
77
77
77
77
77
77
77
77
77
77
77
77
77
77
77
77
77
77
77
77
77
77
77
tensor([ 0.1564, -0.0308, -0.2281,  0.3672,  0.2545,  0.2669,  0.1636, -0.0814,
         0.1616, -0.0309,  0.0055,  0.2541, -0.0759,  0.2729,  0.0201, -0.1179,
         0.3233, -0.0823,  0.1255,  0.1735,  0.2299, -0.0054,  0.0168,  0.2450,
        -0.1436,  0.1357,  0.3517,  0.1952,  0.0957,  0.1577,  0.1541,  0.1135],
       grad_fn=<SelectBackward0>) tensor([-0.3219, -0.5698, -0.5319, -0.6319, -0.2743, -0.3929, -0.4919, -0.5372,
        -0.1392, -0.3044, -0.4768, -0.6466, -0.4566, -0.5168, -0.3647, -0.5290,
        -0.7116, -0.5565, -0.3065, -0.1368, -0.3178, -0.7047, -0.2669, -0.4682,
        -0.7599, -0.2381, -0.4042, -0.2249, -0.2515, -0.4540, -0.2007, -0.2858],
       grad_fn=<SelectBackward0>)
AUC: 0.7589639686502421
7.900979280471802
The time elapse of epoch 029 is: 00: 01: 11
77
77
77
77
77
77
77
77
77
77
77
77
77
77
77
77
77
77
77
77
77
77
77
77
77
77
77
77
77
77
77
77
77
77
77
77
77
77
77
77
77
77
77
77
77
77
77
77
77
77
77
77
77
77
77
77
77
77
77
77
77
77
77
77
77
77
77
77
77
77
77
77
77
77
77
77
77
tensor([ 1.5946e-01, -3.7188e-02, -2.4552e-01,  3.8633e-01,  2.6046e-01,
         2.8209e-01,  1.6684e-01, -9.1925e-02,  1.6438e-01, -3.8711e-02,
        -3.1125e-04,  2.6555e-01, -9.0720e-02,  2.8335e-01,  1.2857e-02,
        -1.2602e-01,  3.4266e-01, -8.7695e-02,  1.2924e-01,  1.7862e-01,
         2.4207e-01, -1.0270e-02,  9.5884e-03,  2.5284e-01, -1.5065e-01,
         1.4130e-01,  3.7045e-01,  2.0596e-01,  9.6287e-02,  1.6302e-01,
         1.5210e-01,  1.2766e-01], grad_fn=<SelectBackward0>) tensor([-0.3233, -0.5789, -0.5386, -0.6400, -0.2591, -0.3919, -0.4979, -0.5413,
        -0.1217, -0.3046, -0.4802, -0.6551, -0.4556, -0.5221, -0.3602, -0.5360,
        -0.7246, -0.5683, -0.3022, -0.1281, -0.3113, -0.7182, -0.2656, -0.4763,
        -0.7757, -0.2281, -0.3988, -0.2183, -0.2484, -0.4573, -0.1935, -0.2801],
       grad_fn=<SelectBackward0>)
AUC: 0.7608976901231831
7.3080785274505615
The time elapse of epoch 030 is: 00: 01: 14
77
77
77
77
77
77
77
77
77
77
77
77
77
77
77
77
77
77
77
77
77
77
77
77
77
77
77
77
77
77
77
77
77
77
77
77
77
77
77
77
77
77
77
77
77
77
77
77
77
77
77
77
77
77
77
77
77
77
77
77
77
77
77
77
77
77
77
77
77
77
77
77
77
77
77
77
77
tensor([ 0.1680, -0.0376, -0.2580,  0.4062,  0.2734,  0.2955,  0.1754, -0.0980,
         0.1666, -0.0411, -0.0027,  0.2866, -0.0940,  0.2936,  0.0016, -0.1362,
         0.3605, -0.0973,  0.1353,  0.1884,  0.2556, -0.0153,  0.0143,  0.2608,
        -0.1472,  0.1538,  0.3890,  0.2170,  0.1008,  0.1723,  0.1577,  0.1408],
       grad_fn=<SelectBackward0>) tensor([-0.3223, -0.5863, -0.5481, -0.6533, -0.2464, -0.3924, -0.5044, -0.5452,
        -0.1026, -0.2973, -0.4807, -0.6642, -0.4492, -0.5270, -0.3587, -0.5440,
        -0.7396, -0.5793, -0.3001, -0.1155, -0.3055, -0.7323, -0.2619, -0.4787,
        -0.7939, -0.2161, -0.3949, -0.2137, -0.2398, -0.4613, -0.1786, -0.2740],
       grad_fn=<SelectBackward0>)
AUC: 0.7626091794872797
8.001554012298584
The time elapse of epoch 031 is: 00: 01: 09
77
77
77
77
77
77
77
77
77
77
77
77
77
77
77
77
77
77
77
77
77
77
77
77
77
77
77
77
77
77
77
77
77
77
77
77
77
77
77
77
77
77
77
77
77
77
77
77
77
77
77
77
77
77
77
77
77
77
77
77
77
77
77
77
77
77
77
77
77
77
77
77
77
77
77
77
77
tensor([ 0.1598, -0.0434, -0.2812,  0.4219,  0.2829,  0.3009,  0.1749, -0.1181,
         0.1633, -0.0508, -0.0132,  0.2942, -0.1046,  0.2941, -0.0213, -0.1518,
         0.3702, -0.1177,  0.1245,  0.1811,  0.2602, -0.0247,  0.0151,  0.2641,
        -0.1680,  0.1526,  0.4040,  0.2252,  0.0979,  0.1727,  0.1572,  0.1429],
       grad_fn=<SelectBackward0>) tensor([-0.3215, -0.5980, -0.5574, -0.6708, -0.2391, -0.3938, -0.5095, -0.5553,
        -0.0863, -0.2967, -0.4831, -0.6753, -0.4465, -0.5297, -0.3549, -0.5520,
        -0.7549, -0.5944, -0.2997, -0.0989, -0.3029, -0.7520, -0.2548, -0.4781,
        -0.8141, -0.2024, -0.3939, -0.2088, -0.2315, -0.4659, -0.1676, -0.2628],
       grad_fn=<SelectBackward0>)
AUC: 0.7641454517291756
8.025022029876709
The time elapse of epoch 032 is: 00: 01: 10
77
77
77
77
77
77
77
77
77
77
77
77
77
77
77
77
77
77
77
77
77
77
77
77
77
77
77
77
77
77
77
77
77
77
77
77
77
77
77
77
77
77
77
77
77
77
77
77
77
77
77
77
77
77
77
77
77
77
77
77
77
77
77
77
77
77
77
77
77
77
77
77
77
77
77
77
77
tensor([ 0.1647, -0.0455, -0.2979,  0.4401,  0.2986,  0.3118,  0.1763, -0.1311,
         0.1710, -0.0514, -0.0179,  0.3086, -0.1098,  0.3002, -0.0370, -0.1664,
         0.3859, -0.1266,  0.1286,  0.1881,  0.2705, -0.0348,  0.0139,  0.2673,
        -0.1807,  0.1605,  0.4193,  0.2377,  0.1016,  0.1743,  0.1593,  0.1466],
       grad_fn=<SelectBackward0>) tensor([-0.3149, -0.6029, -0.5649, -0.6829, -0.2256, -0.3892, -0.5075, -0.5611,
        -0.0687, -0.2961, -0.4808, -0.6830, -0.4401, -0.5365, -0.3486, -0.5548,
        -0.7647, -0.6052, -0.2991, -0.0854, -0.2937, -0.7602, -0.2529, -0.4722,
        -0.8314, -0.1944, -0.3903, -0.2003, -0.2171, -0.4704, -0.1532, -0.2531],
       grad_fn=<SelectBackward0>)
AUC: 0.7654081386730566
7.377007484436035
The time elapse of epoch 033 is: 00: 01: 09
77
77
77
77
77
77
77
77
77
77
77
77
77
77
77
77
77
77
77
77
77
77
77
77
77
77
77
77
77
77
77
77
77
77
77
77
77
77
77
77
77
77
77
77
77
77
77
77
77
77
77
77
77
77
77
77
77
77
77
77
77
77
77
77
77
77
77
77
77
77
77
77
77
77
77
77
77
tensor([ 0.1651, -0.0483, -0.3101,  0.4588,  0.3091,  0.3203,  0.1785, -0.1411,
         0.1679, -0.0566, -0.0260,  0.3223, -0.1207,  0.3144, -0.0492, -0.1816,
         0.4020, -0.1361,  0.1360,  0.1901,  0.2786, -0.0409,  0.0089,  0.2786,
        -0.1871,  0.1661,  0.4381,  0.2494,  0.1073,  0.1759,  0.1595,  0.1479],
       grad_fn=<SelectBackward0>) tensor([-0.3069, -0.6073, -0.5700, -0.6882, -0.2148, -0.3889, -0.5110, -0.5678,
        -0.0483, -0.2907, -0.4875, -0.6895, -0.4387, -0.5417, -0.3419, -0.5609,
        -0.7824, -0.6159, -0.2955, -0.0667, -0.2863, -0.7738, -0.2459, -0.4695,
        -0.8480, -0.1802, -0.3852, -0.1926, -0.2068, -0.4733, -0.1437, -0.2459],
       grad_fn=<SelectBackward0>)
AUC: 0.766664066629256
8.165181159973145
The time elapse of epoch 034 is: 00: 01: 10
77
77
77
77
77
77
77
77
77
77
77
77
77
77
77
77
77
77
77
77
77
77
77
77
77
77
77
77
77
77
77
77
77
77
77
77
77
77
77
77
77
77
77
77
77
77
77
77
77
77
77
77
77
77
77
77
77
77
77
77
77
77
77
77
77
77
77
77
77
77
77
77
77
77
77
77
77
tensor([ 0.1654, -0.0548, -0.3282,  0.4755,  0.3196,  0.3279,  0.1818, -0.1524,
         0.1720, -0.0643, -0.0362,  0.3369, -0.1308,  0.3215, -0.0573, -0.1970,
         0.4228, -0.1502,  0.1457,  0.1994,  0.2901, -0.0496,  0.0009,  0.2922,
        -0.1927,  0.1714,  0.4570,  0.2565,  0.1030,  0.1816,  0.1613,  0.1580],
       grad_fn=<SelectBackward0>) tensor([-0.3030, -0.6151, -0.5754, -0.6944, -0.2050, -0.3891, -0.5133, -0.5703,
        -0.0315, -0.2901, -0.4876, -0.6935, -0.4345, -0.5454, -0.3354, -0.5665,
        -0.7933, -0.6231, -0.2889, -0.0551, -0.2797, -0.7895, -0.2442, -0.4749,
        -0.8619, -0.1646, -0.3800, -0.1832, -0.1961, -0.4716, -0.1349, -0.2375],
       grad_fn=<SelectBackward0>)
AUC: 0.7677273727373157
7.898787260055542
The time elapse of epoch 035 is: 00: 01: 11
77
77
77
77
77
77
77
77
77
77
77
77
77
77
77
77
77
77
77
77
77
77
77
77
77
77
77
77
77
77
77
77
77
77
77
77
77
77
77
77
77
77
77
77
77
77
77
77
77
77
77
77
77
77
77
77
77
77
77
77
77
77
77
77
77
77
77
77
77
77
77
77
77
77
77
77
77
tensor([ 0.1727, -0.0564, -0.3371,  0.4998,  0.3329,  0.3425,  0.1805, -0.1568,
         0.1772, -0.0651, -0.0403,  0.3587, -0.1397,  0.3314, -0.0638, -0.2088,
         0.4436, -0.1538,  0.1561,  0.2048,  0.3080, -0.0516, -0.0026,  0.3054,
        -0.1948,  0.1786,  0.4786,  0.2630,  0.0997,  0.1915,  0.1650,  0.1669],
       grad_fn=<SelectBackward0>) tensor([-0.3016, -0.6235, -0.5802, -0.7059, -0.1915, -0.3931, -0.5177, -0.5745,
        -0.0119, -0.2889, -0.4857, -0.7025, -0.4327, -0.5500, -0.3277, -0.5704,
        -0.8048, -0.6333, -0.2820, -0.0430, -0.2734, -0.8024, -0.2442, -0.4798,
        -0.8813, -0.1513, -0.3773, -0.1747, -0.1849, -0.4796, -0.1244, -0.2275],
       grad_fn=<SelectBackward0>)
AUC: 0.7686340369933921
7.9256768226623535
The time elapse of epoch 036 is: 00: 01: 11
77
77
77
77
77
77
77
77
77
77
77
77
77
77
77
77
77
77
77
77
77
77
77
77
77
77
77
77
77
77
77
77
77
77
77
77
77
77
77
77
77
77
77
77
77
77
77
77
77
77
77
77
77
77
77
77
77
77
77
77
77
77
77
77
77
77
77
77
77
77
77
77
77
77
77
77
77
tensor([ 0.1816, -0.0572, -0.3564,  0.5179,  0.3346,  0.3532,  0.1833, -0.1672,
         0.1829, -0.0733, -0.0417,  0.3698, -0.1442,  0.3406, -0.0738, -0.2204,
         0.4588, -0.1620,  0.1512,  0.2111,  0.3222, -0.0634, -0.0016,  0.3167,
        -0.2000,  0.1847,  0.4984,  0.2767,  0.1088,  0.1993,  0.1727,  0.1749],
       grad_fn=<SelectBackward0>) tensor([-0.2996, -0.6377, -0.5915, -0.7208, -0.1762, -0.3972, -0.5253, -0.5765,
         0.0063, -0.2912, -0.4855, -0.7078, -0.4338, -0.5534, -0.3269, -0.5812,
        -0.8141, -0.6463, -0.2797, -0.0358, -0.2702, -0.8178, -0.2434, -0.4767,
        -0.8958, -0.1337, -0.3743, -0.1701, -0.1725, -0.4830, -0.1191, -0.2228],
       grad_fn=<SelectBackward0>)
AUC: 0.7693220333741092
7.303934335708618
The time elapse of epoch 037 is: 00: 01: 10
77
77
77
77
77
77
77
77
77
77
77
77
77
77
77
77
77
77
77
77
77
77
77
77
77
77
77
77
77
77
77
77
77
77
77
77
77
77
77
77
77
77
77
77
77
77
77
77
77
77
77
77
77
77
77
77
77
77
77
77
77
77
77
77
77
77
77
77
77
77
77
77
77
77
77
77
77
tensor([ 0.1819, -0.0508, -0.3740,  0.5278,  0.3499,  0.3685,  0.1865, -0.1716,
         0.1874, -0.0787, -0.0471,  0.3735, -0.1445,  0.3493, -0.0884, -0.2250,
         0.4761, -0.1751,  0.1588,  0.2205,  0.3263, -0.0725,  0.0043,  0.3326,
        -0.2072,  0.1944,  0.5107,  0.2856,  0.1111,  0.2008,  0.1807,  0.1868],
       grad_fn=<SelectBackward0>) tensor([-0.2934, -0.6441, -0.6017, -0.7309, -0.1615, -0.3908, -0.5283, -0.5839,
         0.0218, -0.2910, -0.4858, -0.7147, -0.4352, -0.5604, -0.3175, -0.5827,
        -0.8190, -0.6562, -0.2798, -0.0240, -0.2677, -0.8336, -0.2437, -0.4709,
        -0.9118, -0.1197, -0.3653, -0.1610, -0.1651, -0.4792, -0.1058, -0.2113],
       grad_fn=<SelectBackward0>)
AUC: 0.7699240444537698
7.796492576599121
The time elapse of epoch 038 is: 00: 01: 20
77
77
77
77
77
77
77
77
77
77
77
77
77
77
77
77
77
77
77
77
77
77
77
77
77
77
77
77
77
77
77
77
77
77
77
77
77
77
77
77
77
77
77
77
77
77
77
77
77
77
77
77
77
77
77
77
77
77
77
77
77
77
77
77
77
77
77
77
77
77
77
77
77
77
77
77
77
tensor([ 0.1881, -0.0516, -0.3974,  0.5432,  0.3625,  0.3829,  0.1826, -0.1847,
         0.1762, -0.0856, -0.0609,  0.3778, -0.1560,  0.3506, -0.1116, -0.2457,
         0.4876, -0.1907,  0.1612,  0.2248,  0.3348, -0.0826, -0.0069,  0.3357,
        -0.2205,  0.1951,  0.5215,  0.2923,  0.1034,  0.2014,  0.1809,  0.1896],
       grad_fn=<SelectBackward0>) tensor([-0.2924, -0.6533, -0.6167, -0.7441, -0.1534, -0.3903, -0.5306, -0.5900,
         0.0391, -0.2904, -0.4856, -0.7267, -0.4303, -0.5694, -0.3176, -0.5931,
        -0.8369, -0.6681, -0.2778, -0.0110, -0.2637, -0.8490, -0.2421, -0.4728,
        -0.9341, -0.1096, -0.3616, -0.1553, -0.1572, -0.4837, -0.0942, -0.1996],
       grad_fn=<SelectBackward0>)
AUC: 0.7703867129111426
7.777050256729126
The time elapse of epoch 039 is: 00: 01: 11
77
77
77
77
77
77
77
77
77
77
77
77
77
77
77
77
77
77
77
77
77
77
77
77
77
77
77
77
77
77
77
77
77
77
77
77
77
77
77
77
77
77
77
77
77
77
77
77
77
77
77
77
77
77
77
77
77
77
77
77
77
77
77
77
77
77
77
77
77
77
77
77
77
77
77
77
77
tensor([ 0.1951, -0.0500, -0.4133,  0.5614,  0.3678,  0.3899,  0.1847, -0.1878,
         0.1789, -0.0938, -0.0601,  0.3850, -0.1640,  0.3624, -0.1210, -0.2564,
         0.4927, -0.1998,  0.1620,  0.2387,  0.3426, -0.0879, -0.0102,  0.3400,
        -0.2326,  0.2015,  0.5385,  0.3054,  0.1013,  0.2064,  0.1821,  0.1915],
       grad_fn=<SelectBackward0>) tensor([-0.2841, -0.6540, -0.6220, -0.7594, -0.1393, -0.3901, -0.5289, -0.6005,
         0.0611, -0.2879, -0.4732, -0.7398, -0.4244, -0.5831, -0.3112, -0.5973,
        -0.8528, -0.6773, -0.2758,  0.0063, -0.2659, -0.8712, -0.2394, -0.4727,
        -0.9551, -0.0987, -0.3570, -0.1398, -0.1444, -0.4867, -0.0784, -0.1873],
       grad_fn=<SelectBackward0>)
AUC: 0.7707490788732744
7.2849133014678955
The time elapse of epoch 040 is: 00: 01: 10
77
77
77
77
77
77
77
77
77
77
77
77
77
77
77
77
77
77
77
77
77
77
77
77
77
77
77
77
77
77
77
77
77
77
77
77
77
77
77
77
77
77
77
77
77
77
77
77
77
77
77
77
77
77
77
77
77
77
77
77
77
77
77
77
77
77
77
77
77
77
77
77
77
77
77
77
77
tensor([ 0.1955, -0.0571, -0.4324,  0.5744,  0.3722,  0.4021,  0.1820, -0.1956,
         0.1831, -0.1003, -0.0645,  0.3890, -0.1744,  0.3675, -0.1363, -0.2727,
         0.5081, -0.2109,  0.1715,  0.2433,  0.3449, -0.1055, -0.0130,  0.3484,
        -0.2422,  0.2158,  0.5543,  0.3089,  0.0990,  0.2139,  0.1766,  0.2021],
       grad_fn=<SelectBackward0>) tensor([-0.2833, -0.6617, -0.6178, -0.7657, -0.1237, -0.3953, -0.5260, -0.6000,
         0.0766, -0.2927, -0.4625, -0.7348, -0.4251, -0.5840, -0.3053, -0.6052,
        -0.8544, -0.6833, -0.2678,  0.0166, -0.2514, -0.8812, -0.2356, -0.4729,
        -0.9664, -0.0785, -0.3461, -0.1316, -0.1291, -0.4929, -0.0713, -0.1785],
       grad_fn=<SelectBackward0>)
AUC: 0.7710430752344516
4.672198057174683
The time elapse of epoch 041 is: 00: 01: 01
77
77
77
77
77
77
77
77
77
77
77
77
77
77
77
77
77
77
77
77
77
77
77
77
77
77
77
77
77
77
77
77
77
77
77
77
77
77
77
77
77
77
77
77
77
77
77
77
77
77
77
77
77
77
77
77
77
77
77
77
77
77
77
77
77
77
77
77
77
77
77
77
77
77
77
77
77
tensor([ 0.2008, -0.0574, -0.4529,  0.5880,  0.3807,  0.4099,  0.1837, -0.1986,
         0.1898, -0.1035, -0.0685,  0.3885, -0.1745,  0.3707, -0.1443, -0.2818,
         0.5175, -0.2186,  0.1731,  0.2525,  0.3569, -0.1089, -0.0144,  0.3523,
        -0.2573,  0.2194,  0.5709,  0.3112,  0.1027,  0.2226,  0.1819,  0.2101],
       grad_fn=<SelectBackward0>) tensor([-0.2845, -0.6734, -0.6337, -0.7794, -0.1155, -0.3992, -0.5335, -0.6099,
         0.0936, -0.2962, -0.4595, -0.7492, -0.4264, -0.5960, -0.3051, -0.6193,
        -0.8640, -0.6975, -0.2710,  0.0254, -0.2544, -0.8924, -0.2379, -0.4770,
        -0.9850, -0.0643, -0.3477, -0.1242, -0.1207, -0.5016, -0.0619, -0.1730],
       grad_fn=<SelectBackward0>)
AUC: 0.7712825322849086
7.986998081207275
The time elapse of epoch 042 is: 00: 01: 10
77
77
77
77
77
77
77
77
77
77
77
77
77
77
77
77
77
77
77
77
77
77
77
77
77
77
77
77
77
77
77
77
77
77
77
77
77
77
77
77
77
77
77
77
77
77
77
77
77
77
77
77
77
77
77
77
77
77
77
77
77
77
77
77
77
77
77
77
77
77
77
77
77
77
77
77
77
tensor([ 0.2141, -0.0549, -0.4662,  0.6049,  0.3916,  0.4223,  0.1870, -0.2028,
         0.1934, -0.1039, -0.0696,  0.4006, -0.1776,  0.3799, -0.1529, -0.2874,
         0.5369, -0.2287,  0.1838,  0.2663,  0.3702, -0.1094, -0.0134,  0.3685,
        -0.2566,  0.2380,  0.5865,  0.3184,  0.1107,  0.2313,  0.1853,  0.2185],
       grad_fn=<SelectBackward0>) tensor([-0.2882, -0.6872, -0.6503, -0.7972, -0.1045, -0.4076, -0.5404, -0.6134,
         0.1053, -0.3048, -0.4574, -0.7593, -0.4263, -0.6008, -0.3080, -0.6272,
        -0.8736, -0.7164, -0.2717,  0.0312, -0.2515, -0.9038, -0.2440, -0.4820,
        -1.0041, -0.0556, -0.3475, -0.1245, -0.1125, -0.5145, -0.0572, -0.1709],
       grad_fn=<SelectBackward0>)
AUC: 0.7714235118926649
8.076019287109375
The time elapse of epoch 043 is: 00: 01: 08
77
77
77
77
77
77
77
77
77
77
77
77
77
77
77
77
77
77
77
77
77
77
77
77
77
77
77
77
77
77
77
77
77
77
77
77
77
77
77
77
77
77
77
77
77
77
77
77
77
77
77
77
77
77
77
77
77
77
77
77
77
77
77
77
77
77
77
77
77
77
77
77
77
77
77
77
77
tensor([ 0.2100, -0.0552, -0.4841,  0.6172,  0.3937,  0.4395,  0.1891, -0.2059,
         0.1969, -0.1020, -0.0795,  0.4125, -0.1823,  0.3876, -0.1616, -0.2931,
         0.5463, -0.2400,  0.1864,  0.2715,  0.3831, -0.1125, -0.0113,  0.3705,
        -0.2683,  0.2493,  0.6090,  0.3313,  0.1063,  0.2430,  0.1828,  0.2272],
       grad_fn=<SelectBackward0>) tensor([-0.2913, -0.6920, -0.6556, -0.8032, -0.0902, -0.4134, -0.5459, -0.6169,
         0.1186, -0.3072, -0.4545, -0.7591, -0.4288, -0.5989, -0.3042, -0.6307,
        -0.8720, -0.7251, -0.2645,  0.0413, -0.2454, -0.9150, -0.2415, -0.4843,
        -1.0163, -0.0398, -0.3416, -0.1198, -0.1071, -0.5192, -0.0540, -0.1619],
       grad_fn=<SelectBackward0>)
AUC: 0.7714902487636572
7.340332508087158
The time elapse of epoch 044 is: 00: 01: 10
77
77
77
77
77
77
77
77
77
77
77
77
77
77
77
77
77
77
77
77
77
77
77
77
77
77
77
77
77
77
77
77
77
77
77
77
77
77
77
77
77
77
77
77
77
77
77
77
77
77
77
77
77
77
77
77
77
77
77
77
77
77
77
77
77
77
77
77
77
77
77
77
77
77
77
77
77
tensor([ 0.2100, -0.0571, -0.4965,  0.6247,  0.4032,  0.4533,  0.1962, -0.2085,
         0.2017, -0.1056, -0.0838,  0.4223, -0.1865,  0.3941, -0.1718, -0.3038,
         0.5638, -0.2443,  0.1884,  0.2793,  0.3893, -0.1213, -0.0148,  0.3748,
        -0.2777,  0.2576,  0.6282,  0.3425,  0.1102,  0.2505,  0.1860,  0.2347],
       grad_fn=<SelectBackward0>) tensor([-0.2895, -0.7036, -0.6677, -0.8113, -0.0738, -0.4107, -0.5472, -0.6176,
         0.1358, -0.3103, -0.4533, -0.7590, -0.4275, -0.6000, -0.2936, -0.6302,
        -0.8746, -0.7373, -0.2583,  0.0515, -0.2383, -0.9242, -0.2388, -0.4764,
        -1.0271, -0.0223, -0.3294, -0.1182, -0.0993, -0.5203, -0.0467, -0.1522],
       grad_fn=<SelectBackward0>)
AUC: 0.7715470743128768
7.878588438034058
The time elapse of epoch 045 is: 00: 01: 12
77
77
77
77
77
77
77
77
77
77
77
77
77
77
77
77
77
77
77
77
77
77
77
77
77
77
77
77
77
77
77
77
77
77
77
77
77
77
77
77
77
77
77
77
77
77
77
77
77
77
77
77
77
77
77
77
77
77
77
77
77
77
77
77
77
77
77
77
77
77
77
77
77
77
77
77
77
tensor([ 0.2218, -0.0498, -0.5109,  0.6298,  0.4158,  0.4683,  0.1994, -0.2242,
         0.2059, -0.1072, -0.0909,  0.4235, -0.1896,  0.3864, -0.1914, -0.3153,
         0.5696, -0.2534,  0.1897,  0.2904,  0.3949, -0.1276, -0.0098,  0.3826,
        -0.2870,  0.2615,  0.6413,  0.3535,  0.1080,  0.2539,  0.1867,  0.2418],
       grad_fn=<SelectBackward0>) tensor([-0.2914, -0.7113, -0.6788, -0.8214, -0.0607, -0.4141, -0.5506, -0.6180,
         0.1502, -0.3131, -0.4506, -0.7647, -0.4250, -0.6003, -0.2917, -0.6350,
        -0.8824, -0.7501, -0.2539,  0.0624, -0.2309, -0.9341, -0.2388, -0.4764,
        -1.0412, -0.0086, -0.3240, -0.1140, -0.0855, -0.5301, -0.0365, -0.1452],
       grad_fn=<SelectBackward0>)
AUC: 0.7714817591343686
7.764464855194092
The time elapse of epoch 046 is: 00: 01: 12
77
77
77
77
77
77
77
77
77
77
77
77
77
77
77
77
77
77
77
77
77
77
77
77
77
77
77
77
77
77
77
77
77
77
77
77
77
77
77
77
77
77
77
77
77
77
77
77
77
77
77
77
77
77
77
77
77
77
77
77
77
77
77
77
77
77
77
77
77
77
77
77
77
77
77
77
77
tensor([ 0.2348, -0.0476, -0.5194,  0.6434,  0.4250,  0.4801,  0.2067, -0.2349,
         0.2107, -0.1156, -0.0991,  0.4343, -0.1986,  0.3902, -0.2021, -0.3298,
         0.5799, -0.2619,  0.1922,  0.3011,  0.4083, -0.1347, -0.0081,  0.3904,
        -0.2937,  0.2687,  0.6596,  0.3639,  0.1119,  0.2568,  0.1899,  0.2454],
       grad_fn=<SelectBackward0>) tensor([-0.2895, -0.7118, -0.6837, -0.8298, -0.0443, -0.4172, -0.5505, -0.6161,
         0.1686, -0.3166, -0.4422, -0.7664, -0.4120, -0.5966, -0.2870, -0.6373,
        -0.8858, -0.7600, -0.2489,  0.0818, -0.2263, -0.9463, -0.2416, -0.4663,
        -1.0587,  0.0090, -0.3188, -0.1003, -0.0688, -0.5344, -0.0233, -0.1358],
       grad_fn=<SelectBackward0>)
AUC: 0.7714115715489476
5.008450031280518
The time elapse of epoch 047 is: 00: 01: 13
77
77
77
77
77
77
77
77
77
77
77
77
77
77
77
77
77
77
77
77
77
77
77
77
77
77
77
77
77
77
77
77
77
77
77
77
77
77
77
77
77
77
77
77
77
77
77
77
77
77
77
77
77
77
77
77
77
77
77
77
77
77
77
77
77
77
77
77
77
77
77
77
77
77
77
77
77
tensor([ 0.2373, -0.0424, -0.5356,  0.6524,  0.4383,  0.4834,  0.2094, -0.2518,
         0.2048, -0.1224, -0.0995,  0.4392, -0.2045,  0.3937, -0.2065, -0.3387,
         0.5902, -0.2700,  0.1980,  0.3103,  0.4209, -0.1480, -0.0129,  0.4022,
        -0.3018,  0.2695,  0.6722,  0.3759,  0.1062,  0.2651,  0.1906,  0.2514],
       grad_fn=<SelectBackward0>) tensor([-0.2922, -0.7215, -0.6892, -0.8335, -0.0317, -0.4275, -0.5561, -0.6211,
         0.1796, -0.3259, -0.4339, -0.7658, -0.4155, -0.5995, -0.2789, -0.6401,
        -0.8886, -0.7680, -0.2468,  0.0854, -0.2247, -0.9563, -0.2370, -0.4683,
        -1.0697,  0.0167, -0.3196, -0.0989, -0.0687, -0.5451, -0.0204, -0.1355],
       grad_fn=<SelectBackward0>)
AUC: 0.7712414115333177
8.271559476852417
The time elapse of epoch 048 is: 00: 01: 07
77
77
77
77
77
77
77
77
77
77
77
77
77
77
77
77
77
77
77
77
77
77
77
77
77
77
77
77
77
77
77
77
77
77
77
77
77
77
77
77
77
77
77
77
77
77
77
77
77
77
77
77
77
77
77
77
77
77
77
77
77
77
77
77
77
77
77
77
77
77
77
77
77
77
77
77
77
tensor([ 0.2334, -0.0412, -0.5536,  0.6668,  0.4388,  0.4939,  0.2105, -0.2632,
         0.2058, -0.1288, -0.1065,  0.4438, -0.2081,  0.4025, -0.2105, -0.3409,
         0.6007, -0.2834,  0.1964,  0.3181,  0.4253, -0.1577, -0.0078,  0.4115,
        -0.3123,  0.2784,  0.6938,  0.3813,  0.1062,  0.2786,  0.1877,  0.2614],
       grad_fn=<SelectBackward0>) tensor([-0.2941, -0.7222, -0.6949, -0.8455, -0.0218, -0.4269, -0.5535, -0.6203,
         0.1939, -0.3251, -0.4335, -0.7798, -0.4107, -0.6051, -0.2800, -0.6468,
        -0.9062, -0.7790, -0.2490,  0.0981, -0.2205, -0.9674, -0.2385, -0.4681,
        -1.0872,  0.0321, -0.3172, -0.0862, -0.0604, -0.5529, -0.0045, -0.1220],
       grad_fn=<SelectBackward0>)
AUC: 0.7710802967555339
8.041701316833496
The time elapse of epoch 049 is: 00: 01: 13

Process finished with exit code 0
