C:\Users\10922\.conda\envs\python38\python.exe C:/Users/10922/Desktop/pdfs/AIC/project/BPR_MF3/main.py 
tensor([ 0.0208,  0.0109,  0.0292,  0.0132,  0.0366,  0.0325,  0.0195,  0.0129,
         0.0230,  0.0128,  0.0143, -0.0077,  0.0309,  0.0012,  0.0107,  0.0449,
         0.0009,  0.0241,  0.0438, -0.0012,  0.0292,  0.0282,  0.0332,  0.0073,
         0.0058,  0.0121, -0.0010,  0.0051,  0.0154,  0.0204,  0.0210,  0.0134],
       grad_fn=<SelectBackward0>) tensor([-0.0309, -0.0270, -0.0122, -0.0311, -0.0182, -0.0142, -0.0305, -0.0172,
        -0.0030, -0.0148, -0.0248, -0.0206, -0.0237, -0.0137, -0.0034, -0.0141,
        -0.0016, -0.0208, -0.0028, -0.0089, -0.0290, -0.0061,  0.0026, -0.0317,
         0.0032, -0.0031,  0.0104, -0.0341, -0.0134,  0.0115, -0.0283, -0.0022],
       grad_fn=<SelectBackward0>)
AUC: 0.7313380322214539
4.47541618347168
The time elapse of epoch 000 is: 00: 00: 50
tensor([0.0470, 0.0308, 0.0503, 0.0317, 0.0580, 0.0555, 0.0378, 0.0350, 0.0469,
        0.0295, 0.0370, 0.0081, 0.0548, 0.0157, 0.0265, 0.0681, 0.0201, 0.0478,
        0.0676, 0.0158, 0.0539, 0.0504, 0.0559, 0.0249, 0.0192, 0.0347, 0.0136,
        0.0261, 0.0341, 0.0383, 0.0430, 0.0352], grad_fn=<SelectBackward0>) tensor([-0.0685, -0.0655, -0.0526, -0.0726, -0.0561, -0.0498, -0.0677, -0.0557,
        -0.0423, -0.0569, -0.0635, -0.0588, -0.0596, -0.0484, -0.0391, -0.0517,
        -0.0385, -0.0598, -0.0423, -0.0470, -0.0687, -0.0448, -0.0317, -0.0692,
        -0.0344, -0.0418, -0.0242, -0.0728, -0.0474, -0.0238, -0.0644, -0.0408],
       grad_fn=<SelectBackward0>)
AUC: 0.731520516847727
4.268659830093384
The time elapse of epoch 001 is: 00: 00: 51
tensor([0.0598, 0.0425, 0.0608, 0.0387, 0.0696, 0.0646, 0.0472, 0.0442, 0.0565,
        0.0359, 0.0467, 0.0170, 0.0656, 0.0204, 0.0331, 0.0813, 0.0296, 0.0601,
        0.0810, 0.0206, 0.0645, 0.0607, 0.0670, 0.0335, 0.0250, 0.0453, 0.0209,
        0.0329, 0.0430, 0.0477, 0.0537, 0.0455], grad_fn=<SelectBackward0>) tensor([-0.1044, -0.1001, -0.0889, -0.1095, -0.0908, -0.0815, -0.1016, -0.0913,
        -0.0769, -0.0946, -0.0973, -0.0924, -0.0930, -0.0821, -0.0719, -0.0866,
        -0.0726, -0.0943, -0.0767, -0.0799, -0.1032, -0.0786, -0.0609, -0.1038,
        -0.0673, -0.0754, -0.0528, -0.1055, -0.0798, -0.0544, -0.0957, -0.0737],
       grad_fn=<SelectBackward0>)
AUC: 0.7307213506739008
4.387357473373413
The time elapse of epoch 002 is: 00: 00: 52
tensor([0.0775, 0.0577, 0.0761, 0.0525, 0.0838, 0.0812, 0.0633, 0.0586, 0.0707,
        0.0489, 0.0630, 0.0298, 0.0820, 0.0308, 0.0450, 0.0970, 0.0429, 0.0761,
        0.0981, 0.0304, 0.0799, 0.0747, 0.0837, 0.0463, 0.0360, 0.0598, 0.0351,
        0.0467, 0.0570, 0.0613, 0.0710, 0.0605], grad_fn=<SelectBackward0>) tensor([-0.1437, -0.1370, -0.1285, -0.1485, -0.1263, -0.1197, -0.1384, -0.1280,
        -0.1142, -0.1349, -0.1344, -0.1274, -0.1276, -0.1190, -0.1087, -0.1231,
        -0.1083, -0.1324, -0.1135, -0.1172, -0.1399, -0.1176, -0.0940, -0.1405,
        -0.1036, -0.1123, -0.0868, -0.1412, -0.1149, -0.0877, -0.1325, -0.1085],
       grad_fn=<SelectBackward0>)
AUC: 0.7312809121858381
4.41718602180481
The time elapse of epoch 003 is: 00: 00: 51
tensor([0.0893, 0.0689, 0.0886, 0.0640, 0.0950, 0.0929, 0.0735, 0.0698, 0.0819,
        0.0578, 0.0748, 0.0395, 0.0942, 0.0384, 0.0539, 0.1087, 0.0521, 0.0896,
        0.1125, 0.0377, 0.0921, 0.0852, 0.0969, 0.0563, 0.0438, 0.0706, 0.0433,
        0.0568, 0.0666, 0.0723, 0.0832, 0.0714], grad_fn=<SelectBackward0>) tensor([-0.1788, -0.1710, -0.1643, -0.1845, -0.1593, -0.1530, -0.1712, -0.1635,
        -0.1478, -0.1728, -0.1670, -0.1588, -0.1597, -0.1529, -0.1407, -0.1583,
        -0.1419, -0.1659, -0.1474, -0.1507, -0.1745, -0.1515, -0.1233, -0.1750,
        -0.1374, -0.1458, -0.1172, -0.1744, -0.1469, -0.1182, -0.1648, -0.1409],
       grad_fn=<SelectBackward0>)
AUC: 0.7321057693819818
4.43276309967041
The time elapse of epoch 004 is: 00: 00: 51
tensor([0.0944, 0.0739, 0.0927, 0.0679, 0.0994, 0.0977, 0.0775, 0.0729, 0.0845,
        0.0590, 0.0791, 0.0425, 0.0988, 0.0397, 0.0549, 0.1139, 0.0540, 0.0957,
        0.1176, 0.0392, 0.0964, 0.0891, 0.1023, 0.0585, 0.0441, 0.0755, 0.0456,
        0.0601, 0.0689, 0.0762, 0.0885, 0.0742], grad_fn=<SelectBackward0>) tensor([-0.2097, -0.2011, -0.1956, -0.2153, -0.1884, -0.1832, -0.1998, -0.1941,
        -0.1786, -0.2059, -0.1974, -0.1876, -0.1887, -0.1825, -0.1682, -0.1882,
        -0.1699, -0.1956, -0.1760, -0.1786, -0.2041, -0.1815, -0.1478, -0.2052,
        -0.1660, -0.1735, -0.1433, -0.2041, -0.1750, -0.1453, -0.1933, -0.1687],
       grad_fn=<SelectBackward0>)
AUC: 0.7332967913148146
4.390527009963989
The time elapse of epoch 005 is: 00: 00: 51
tensor([0.1005, 0.0787, 0.0991, 0.0722, 0.1051, 0.1026, 0.0826, 0.0766, 0.0893,
        0.0615, 0.0836, 0.0449, 0.1047, 0.0414, 0.0567, 0.1199, 0.0574, 0.1017,
        0.1234, 0.0409, 0.1012, 0.0944, 0.1077, 0.0632, 0.0440, 0.0808, 0.0487,
        0.0648, 0.0731, 0.0796, 0.0951, 0.0780], grad_fn=<SelectBackward0>) tensor([-0.2322, -0.2220, -0.2187, -0.2371, -0.2088, -0.2045, -0.2205, -0.2151,
        -0.2001, -0.2305, -0.2175, -0.2065, -0.2085, -0.2021, -0.1880, -0.2092,
        -0.1888, -0.2181, -0.1961, -0.1980, -0.2266, -0.2035, -0.1635, -0.2267,
        -0.1863, -0.1925, -0.1601, -0.2230, -0.1934, -0.1637, -0.2129, -0.1872],
       grad_fn=<SelectBackward0>)
AUC: 0.7341148908445844
4.297135353088379
The time elapse of epoch 006 is: 00: 00: 51
tensor([0.1084, 0.0842, 0.1049, 0.0774, 0.1106, 0.1095, 0.0884, 0.0824, 0.0955,
        0.0656, 0.0899, 0.0485, 0.1109, 0.0441, 0.0598, 0.1268, 0.0619, 0.1091,
        0.1306, 0.0431, 0.1071, 0.0998, 0.1141, 0.0677, 0.0473, 0.0868, 0.0529,
        0.0689, 0.0782, 0.0843, 0.1025, 0.0825], grad_fn=<SelectBackward0>) tensor([-0.2511, -0.2396, -0.2369, -0.2550, -0.2254, -0.2212, -0.2373, -0.2325,
        -0.2178, -0.2510, -0.2342, -0.2219, -0.2236, -0.2182, -0.2040, -0.2265,
        -0.2042, -0.2360, -0.2134, -0.2132, -0.2436, -0.2207, -0.1759, -0.2432,
        -0.2018, -0.2082, -0.1722, -0.2385, -0.2080, -0.1774, -0.2269, -0.2032],
       grad_fn=<SelectBackward0>)
AUC: 0.7348032403923699
4.8493311405181885
The time elapse of epoch 007 is: 00: 00: 52
tensor([0.1121, 0.0862, 0.1079, 0.0804, 0.1127, 0.1137, 0.0912, 0.0852, 0.0971,
        0.0664, 0.0915, 0.0495, 0.1140, 0.0420, 0.0597, 0.1297, 0.0624, 0.1133,
        0.1331, 0.0422, 0.1113, 0.1018, 0.1185, 0.0687, 0.0455, 0.0904, 0.0528,
        0.0700, 0.0795, 0.0869, 0.1065, 0.0837], grad_fn=<SelectBackward0>) tensor([-0.2683, -0.2565, -0.2558, -0.2734, -0.2417, -0.2376, -0.2529, -0.2512,
        -0.2340, -0.2728, -0.2506, -0.2376, -0.2380, -0.2334, -0.2193, -0.2446,
        -0.2196, -0.2536, -0.2299, -0.2273, -0.2610, -0.2389, -0.1862, -0.2597,
        -0.2179, -0.2234, -0.1850, -0.2532, -0.2213, -0.1898, -0.2414, -0.2166],
       grad_fn=<SelectBackward0>)
AUC: 0.7352006684025314
4.561460018157959
The time elapse of epoch 008 is: 00: 00: 52
tensor([0.1151, 0.0888, 0.1113, 0.0827, 0.1156, 0.1170, 0.0928, 0.0888, 0.0987,
        0.0675, 0.0938, 0.0508, 0.1173, 0.0406, 0.0587, 0.1337, 0.0628, 0.1174,
        0.1373, 0.0400, 0.1150, 0.1043, 0.1218, 0.0701, 0.0439, 0.0923, 0.0537,
        0.0702, 0.0805, 0.0886, 0.1105, 0.0855], grad_fn=<SelectBackward0>) tensor([-0.2876, -0.2739, -0.2764, -0.2929, -0.2594, -0.2552, -0.2685, -0.2703,
        -0.2514, -0.2951, -0.2676, -0.2534, -0.2543, -0.2500, -0.2361, -0.2622,
        -0.2344, -0.2713, -0.2446, -0.2428, -0.2791, -0.2563, -0.1978, -0.2769,
        -0.2345, -0.2391, -0.1975, -0.2682, -0.2348, -0.2027, -0.2561, -0.2310],
       grad_fn=<SelectBackward0>)
AUC: 0.7354215177149573
4.717376232147217
The time elapse of epoch 009 is: 00: 00: 51
tensor([0.1126, 0.0855, 0.1088, 0.0772, 0.1111, 0.1143, 0.0898, 0.0858, 0.0941,
        0.0617, 0.0898, 0.0470, 0.1140, 0.0315, 0.0507, 0.1296, 0.0575, 0.1168,
        0.1338, 0.0324, 0.1133, 0.0996, 0.1186, 0.0648, 0.0364, 0.0896, 0.0479,
        0.0653, 0.0763, 0.0835, 0.1085, 0.0806], grad_fn=<SelectBackward0>) tensor([-0.3007, -0.2842, -0.2894, -0.3057, -0.2700, -0.2656, -0.2780, -0.2826,
        -0.2627, -0.3112, -0.2776, -0.2626, -0.2631, -0.2597, -0.2459, -0.2727,
        -0.2424, -0.2822, -0.2531, -0.2524, -0.2898, -0.2678, -0.2015, -0.2871,
        -0.2437, -0.2476, -0.2027, -0.2769, -0.2425, -0.2096, -0.2651, -0.2390],
       grad_fn=<SelectBackward0>)
AUC: 0.7354129089031538
4.197283029556274
The time elapse of epoch 010 is: 00: 00: 52
tensor([0.1145, 0.0872, 0.1088, 0.0763, 0.1107, 0.1165, 0.0910, 0.0863, 0.0941,
        0.0607, 0.0906, 0.0464, 0.1161, 0.0273, 0.0483, 0.1310, 0.0566, 0.1190,
        0.1361, 0.0286, 0.1155, 0.0999, 0.1208, 0.0648, 0.0335, 0.0897, 0.0465,
        0.0641, 0.0761, 0.0825, 0.1111, 0.0797], grad_fn=<SelectBackward0>) tensor([-0.3186, -0.3001, -0.3063, -0.3232, -0.2847, -0.2804, -0.2912, -0.2996,
        -0.2778, -0.3320, -0.2908, -0.2753, -0.2738, -0.2732, -0.2592, -0.2875,
        -0.2546, -0.2981, -0.2665, -0.2637, -0.3051, -0.2816, -0.2094, -0.3010,
        -0.2573, -0.2599, -0.2114, -0.2889, -0.2535, -0.2202, -0.2773, -0.2520],
       grad_fn=<SelectBackward0>)
AUC: 0.7354016923721448
4.514326572418213
The time elapse of epoch 011 is: 00: 00: 51
tensor([0.1182, 0.0903, 0.1120, 0.0786, 0.1138, 0.1205, 0.0939, 0.0884, 0.0963,
        0.0615, 0.0932, 0.0477, 0.1193, 0.0255, 0.0475, 0.1340, 0.0577, 0.1234,
        0.1400, 0.0274, 0.1195, 0.1022, 0.1241, 0.0658, 0.0326, 0.0920, 0.0474,
        0.0646, 0.0767, 0.0825, 0.1154, 0.0810], grad_fn=<SelectBackward0>) tensor([-0.3368, -0.3165, -0.3243, -0.3415, -0.2997, -0.2952, -0.3052, -0.3166,
        -0.2931, -0.3529, -0.3044, -0.2881, -0.2861, -0.2870, -0.2717, -0.3021,
        -0.2677, -0.3153, -0.2815, -0.2756, -0.3211, -0.2961, -0.2177, -0.3152,
        -0.2709, -0.2720, -0.2211, -0.3023, -0.2643, -0.2303, -0.2884, -0.2638],
       grad_fn=<SelectBackward0>)
AUC: 0.7353522923339316
4.329861164093018
The time elapse of epoch 012 is: 00: 00: 51
tensor([0.1261, 0.0963, 0.1187, 0.0827, 0.1191, 0.1274, 0.1001, 0.0943, 0.1009,
        0.0657, 0.0991, 0.0543, 0.1270, 0.0269, 0.0499, 0.1404, 0.0621, 0.1328,
        0.1494, 0.0287, 0.1261, 0.1067, 0.1316, 0.0699, 0.0343, 0.0987, 0.0505,
        0.0691, 0.0813, 0.0875, 0.1229, 0.0859], grad_fn=<SelectBackward0>) tensor([-0.3548, -0.3340, -0.3438, -0.3622, -0.3170, -0.3121, -0.3197, -0.3344,
        -0.3122, -0.3754, -0.3218, -0.3031, -0.3009, -0.3015, -0.2863, -0.3189,
        -0.2818, -0.3343, -0.2965, -0.2910, -0.3402, -0.3137, -0.2271, -0.3317,
        -0.2868, -0.2857, -0.2334, -0.3177, -0.2774, -0.2422, -0.3026, -0.2767],
       grad_fn=<SelectBackward0>)
AUC: 0.7353033713468082
4.502364873886108
The time elapse of epoch 013 is: 00: 00: 51
tensor([0.1306, 0.0995, 0.1232, 0.0840, 0.1208, 0.1309, 0.1037, 0.0979, 0.1041,
        0.0652, 0.1030, 0.0554, 0.1323, 0.0236, 0.0485, 0.1436, 0.0632, 0.1398,
        0.1546, 0.0269, 0.1292, 0.1079, 0.1379, 0.0721, 0.0335, 0.1020, 0.0510,
        0.0704, 0.0824, 0.0896, 0.1277, 0.0879], grad_fn=<SelectBackward0>) tensor([-0.3677, -0.3460, -0.3589, -0.3747, -0.3283, -0.3230, -0.3287, -0.3470,
        -0.3222, -0.3923, -0.3324, -0.3114, -0.3073, -0.3103, -0.2964, -0.3298,
        -0.2900, -0.3462, -0.3060, -0.2977, -0.3515, -0.3245, -0.2313, -0.3417,
        -0.2964, -0.2930, -0.2387, -0.3269, -0.2822, -0.2480, -0.3091, -0.2865],
       grad_fn=<SelectBackward0>)
AUC: 0.7352300685904988
4.5156707763671875
The time elapse of epoch 014 is: 00: 00: 54
tensor([0.1285, 0.0961, 0.1191, 0.0800, 0.1152, 0.1278, 0.0991, 0.0930, 0.1003,
        0.0591, 0.0998, 0.0492, 0.1300, 0.0145, 0.0393, 0.1397, 0.0564, 0.1378,
        0.1512, 0.0163, 0.1268, 0.1038, 0.1347, 0.0666, 0.0250, 0.0966, 0.0448,
        0.0644, 0.0764, 0.0826, 0.1248, 0.0821], grad_fn=<SelectBackward0>) tensor([-0.3768, -0.3531, -0.3705, -0.3858, -0.3366, -0.3294, -0.3348, -0.3561,
        -0.3300, -0.4071, -0.3387, -0.3167, -0.3104, -0.3160, -0.3031, -0.3368,
        -0.2938, -0.3548, -0.3119, -0.3005, -0.3606, -0.3306, -0.2300, -0.3470,
        -0.3011, -0.2963, -0.2398, -0.3320, -0.2841, -0.2473, -0.3125, -0.2911],
       grad_fn=<SelectBackward0>)
AUC: 0.7351307977540551
4.072065591812134
The time elapse of epoch 015 is: 00: 00: 52
tensor([0.1390, 0.1060, 0.1291, 0.0883, 0.1235, 0.1380, 0.1085, 0.1016, 0.1086,
        0.0654, 0.1085, 0.0573, 0.1399, 0.0170, 0.0434, 0.1493, 0.0618, 0.1489,
        0.1627, 0.0189, 0.1379, 0.1109, 0.1440, 0.0736, 0.0287, 0.1063, 0.0501,
        0.0716, 0.0835, 0.0911, 0.1354, 0.0881], grad_fn=<SelectBackward0>) tensor([-0.3902, -0.3648, -0.3869, -0.4021, -0.3499, -0.3426, -0.3442, -0.3689,
        -0.3411, -0.4276, -0.3505, -0.3263, -0.3198, -0.3273, -0.3138, -0.3487,
        -0.3011, -0.3680, -0.3233, -0.3085, -0.3742, -0.3415, -0.2336, -0.3587,
        -0.3099, -0.3046, -0.2449, -0.3417, -0.2900, -0.2503, -0.3213, -0.2987],
       grad_fn=<SelectBackward0>)
AUC: 0.7349925247118954
7.915082931518555
The time elapse of epoch 016 is: 00: 01: 08
tensor([0.1408, 0.1057, 0.1280, 0.0855, 0.1205, 0.1380, 0.1075, 0.1016, 0.1073,
        0.0612, 0.1064, 0.0567, 0.1388, 0.0098, 0.0379, 0.1482, 0.0577, 0.1510,
        0.1639, 0.0125, 0.1365, 0.1093, 0.1445, 0.0714, 0.0235, 0.1055, 0.0452,
        0.0688, 0.0814, 0.0881, 0.1364, 0.0852], grad_fn=<SelectBackward0>) tensor([-0.4025, -0.3730, -0.3998, -0.4139, -0.3607, -0.3529, -0.3519, -0.3797,
        -0.3513, -0.4447, -0.3597, -0.3345, -0.3241, -0.3335, -0.3201, -0.3569,
        -0.3070, -0.3801, -0.3335, -0.3136, -0.3864, -0.3492, -0.2334, -0.3663,
        -0.3177, -0.3076, -0.2476, -0.3490, -0.2924, -0.2534, -0.3253, -0.3032],
       grad_fn=<SelectBackward0>)
AUC: 0.7349096655454062
7.945408821105957
The time elapse of epoch 017 is: 00: 01: 03
tensor([0.1468, 0.1081, 0.1307, 0.0866, 0.1234, 0.1423, 0.1093, 0.1041, 0.1101,
        0.0604, 0.1092, 0.0573, 0.1428, 0.0057, 0.0356, 0.1495, 0.0566, 0.1561,
        0.1680, 0.0087, 0.1401, 0.1106, 0.1498, 0.0726, 0.0209, 0.1074, 0.0434,
        0.0694, 0.0820, 0.0869, 0.1410, 0.0854], grad_fn=<SelectBackward0>) tensor([-0.4101, -0.3763, -0.4099, -0.4237, -0.3690, -0.3584, -0.3538, -0.3889,
        -0.3572, -0.4604, -0.3667, -0.3379, -0.3257, -0.3384, -0.3236, -0.3643,
        -0.3090, -0.3875, -0.3381, -0.3146, -0.3944, -0.3547, -0.2285, -0.3717,
        -0.3223, -0.3089, -0.2477, -0.3502, -0.2924, -0.2520, -0.3261, -0.3043],
       grad_fn=<SelectBackward0>)
AUC: 0.734906130408989
7.162329196929932
The time elapse of epoch 018 is: 00: 01: 10
tensor([0.1522, 0.1077, 0.1347, 0.0875, 0.1244, 0.1448, 0.1098, 0.1051, 0.1126,
        0.0589, 0.1108, 0.0577, 0.1456, 0.0018, 0.0321, 0.1509, 0.0558, 0.1622,
        0.1708, 0.0040, 0.1427, 0.1116, 0.1531, 0.0733, 0.0149, 0.1104, 0.0407,
        0.0677, 0.0801, 0.0865, 0.1448, 0.0854], grad_fn=<SelectBackward0>) tensor([-0.4228, -0.3858, -0.4269, -0.4369, -0.3814, -0.3703, -0.3610, -0.4035,
        -0.3694, -0.4790, -0.3760, -0.3463, -0.3310, -0.3472, -0.3316, -0.3741,
        -0.3119, -0.3982, -0.3480, -0.3196, -0.4049, -0.3628, -0.2275, -0.3798,
        -0.3306, -0.3120, -0.2504, -0.3571, -0.2939, -0.2561, -0.3292, -0.3073],
       grad_fn=<SelectBackward0>)
AUC: 0.7348922250475494
4.1749560832977295
The time elapse of epoch 019 is: 00: 01: 02
tensor([ 0.1564,  0.1105,  0.1374,  0.0865,  0.1248,  0.1484,  0.1102,  0.1077,
         0.1139,  0.0575,  0.1123,  0.0575,  0.1480, -0.0032,  0.0299,  0.1533,
         0.0544,  0.1660,  0.1749, -0.0012,  0.1464,  0.1129,  0.1563,  0.0755,
         0.0105,  0.1140,  0.0381,  0.0679,  0.0792,  0.0885,  0.1487,  0.0844],
       grad_fn=<SelectBackward0>) tensor([-0.4361, -0.3954, -0.4420, -0.4496, -0.3968, -0.3808, -0.3666, -0.4195,
        -0.3778, -0.4982, -0.3882, -0.3528, -0.3350, -0.3556, -0.3402, -0.3827,
        -0.3189, -0.4099, -0.3570, -0.3228, -0.4179, -0.3712, -0.2274, -0.3888,
        -0.3404, -0.3150, -0.2520, -0.3642, -0.2935, -0.2601, -0.3330, -0.3121],
       grad_fn=<SelectBackward0>)
AUC: 0.7348982461496925
7.730345249176025
The time elapse of epoch 020 is: 00: 01: 08
tensor([ 0.1613,  0.1147,  0.1382,  0.0872,  0.1254,  0.1510,  0.1107,  0.1101,
         0.1155,  0.0578,  0.1144,  0.0572,  0.1523, -0.0085,  0.0245,  0.1543,
         0.0522,  0.1714,  0.1777, -0.0085,  0.1507,  0.1129,  0.1600,  0.0756,
         0.0051,  0.1151,  0.0346,  0.0677,  0.0765,  0.0865,  0.1514,  0.0815],
       grad_fn=<SelectBackward0>) tensor([-0.4448, -0.4017, -0.4558, -0.4604, -0.4079, -0.3885, -0.3728, -0.4330,
        -0.3867, -0.5166, -0.3946, -0.3591, -0.3372, -0.3590, -0.3454, -0.3886,
        -0.3202, -0.4197, -0.3645, -0.3212, -0.4279, -0.3766, -0.2238, -0.3956,
        -0.3463, -0.3153, -0.2520, -0.3670, -0.2917, -0.2564, -0.3336, -0.3119],
       grad_fn=<SelectBackward0>)
AUC: 0.7350151164006762
7.247405052185059
The time elapse of epoch 021 is: 00: 01: 13
tensor([ 0.1583,  0.1114,  0.1370,  0.0820,  0.1213,  0.1507,  0.1073,  0.1064,
         0.1117,  0.0526,  0.1105,  0.0535,  0.1504, -0.0199,  0.0146,  0.1488,
         0.0446,  0.1712,  0.1743, -0.0195,  0.1493,  0.1078,  0.1572,  0.0716,
        -0.0049,  0.1126,  0.0268,  0.0619,  0.0701,  0.0809,  0.1507,  0.0755],
       grad_fn=<SelectBackward0>) tensor([-0.4599, -0.4118, -0.4722, -0.4758, -0.4239, -0.4012, -0.3785, -0.4461,
        -0.3959, -0.5379, -0.4057, -0.3674, -0.3383, -0.3653, -0.3559, -0.3992,
        -0.3270, -0.4328, -0.3758, -0.3257, -0.4407, -0.3842, -0.2222, -0.4053,
        -0.3533, -0.3168, -0.2519, -0.3720, -0.2945, -0.2572, -0.3378, -0.3166],
       grad_fn=<SelectBackward0>)
AUC: 0.7352108820385694
8.028406381607056
The time elapse of epoch 022 is: 00: 01: 12
tensor([ 0.1625,  0.1149,  0.1405,  0.0827,  0.1217,  0.1558,  0.1105,  0.1100,
         0.1145,  0.0493,  0.1126,  0.0538,  0.1544, -0.0247,  0.0116,  0.1529,
         0.0440,  0.1763,  0.1794, -0.0252,  0.1519,  0.1082,  0.1626,  0.0721,
        -0.0094,  0.1151,  0.0235,  0.0607,  0.0686,  0.0825,  0.1582,  0.0754],
       grad_fn=<SelectBackward0>) tensor([-0.4734, -0.4203, -0.4894, -0.4912, -0.4361, -0.4104, -0.3802, -0.4562,
        -0.4046, -0.5584, -0.4157, -0.3748, -0.3384, -0.3713, -0.3624, -0.4077,
        -0.3300, -0.4452, -0.3843, -0.3249, -0.4524, -0.3928, -0.2182, -0.4142,
        -0.3572, -0.3155, -0.2530, -0.3763, -0.2942, -0.2532, -0.3414, -0.3177],
       grad_fn=<SelectBackward0>)
AUC: 0.7354996207695015
7.815539836883545
The time elapse of epoch 023 is: 00: 01: 21
tensor([ 0.1686,  0.1184,  0.1457,  0.0835,  0.1242,  0.1590,  0.1125,  0.1128,
         0.1159,  0.0481,  0.1174,  0.0540,  0.1577, -0.0319,  0.0060,  0.1539,
         0.0433,  0.1844,  0.1856, -0.0313,  0.1571,  0.1095,  0.1672,  0.0740,
        -0.0139,  0.1175,  0.0225,  0.0595,  0.0686,  0.0834,  0.1620,  0.0746],
       grad_fn=<SelectBackward0>) tensor([-0.4849, -0.4308, -0.5052, -0.5032, -0.4487, -0.4192, -0.3837, -0.4686,
        -0.4144, -0.5785, -0.4238, -0.3820, -0.3424, -0.3750, -0.3687, -0.4139,
        -0.3325, -0.4553, -0.3904, -0.3234, -0.4621, -0.3990, -0.2146, -0.4205,
        -0.3634, -0.3133, -0.2549, -0.3782, -0.2940, -0.2501, -0.3434, -0.3170],
       grad_fn=<SelectBackward0>)
AUC: 0.735910061930962
5.718147039413452
The time elapse of epoch 024 is: 00: 01: 10
tensor([ 0.1773,  0.1261,  0.1515,  0.0869,  0.1281,  0.1652,  0.1173,  0.1179,
         0.1216,  0.0495,  0.1227,  0.0586,  0.1649, -0.0382,  0.0035,  0.1557,
         0.0443,  0.1940,  0.1941, -0.0360,  0.1669,  0.1141,  0.1722,  0.0786,
        -0.0164,  0.1206,  0.0216,  0.0616,  0.0686,  0.0848,  0.1725,  0.0743],
       grad_fn=<SelectBackward0>) tensor([-0.4911, -0.4329, -0.5135, -0.5106, -0.4528, -0.4225, -0.3802, -0.4736,
        -0.4139, -0.5939, -0.4272, -0.3825, -0.3408, -0.3736, -0.3672, -0.4173,
        -0.3296, -0.4608, -0.3923, -0.3186, -0.4643, -0.4020, -0.2067, -0.4227,
        -0.3631, -0.3082, -0.2488, -0.3760, -0.2920, -0.2441, -0.3420, -0.3109],
       grad_fn=<SelectBackward0>)
AUC: 0.7364524099165083
4.685873031616211
The time elapse of epoch 025 is: 00: 00: 52
tensor([ 0.1869,  0.1321,  0.1575,  0.0911,  0.1335,  0.1732,  0.1221,  0.1228,
         0.1282,  0.0506,  0.1280,  0.0606,  0.1706, -0.0424,  0.0018,  0.1600,
         0.0439,  0.2035,  0.2026, -0.0404,  0.1755,  0.1158,  0.1802,  0.0826,
        -0.0177,  0.1242,  0.0218,  0.0624,  0.0672,  0.0876,  0.1812,  0.0747],
       grad_fn=<SelectBackward0>) tensor([-0.5092, -0.4445, -0.5324, -0.5261, -0.4683, -0.4344, -0.3817, -0.4883,
        -0.4243, -0.6182, -0.4383, -0.3897, -0.3462, -0.3802, -0.3720, -0.4263,
        -0.3324, -0.4753, -0.3982, -0.3209, -0.4764, -0.4096, -0.2036, -0.4322,
        -0.3699, -0.3081, -0.2525, -0.3829, -0.2937, -0.2429, -0.3455, -0.3142],
       grad_fn=<SelectBackward0>)
AUC: 0.7370640100374538
4.560179233551025
The time elapse of epoch 026 is: 00: 00: 52
tensor([ 0.1912,  0.1331,  0.1610,  0.0897,  0.1313,  0.1765,  0.1227,  0.1223,
         0.1272,  0.0450,  0.1258,  0.0610,  0.1737, -0.0527, -0.0076,  0.1565,
         0.0381,  0.2108,  0.2045, -0.0516,  0.1790,  0.1136,  0.1801,  0.0831,
        -0.0242,  0.1218,  0.0154,  0.0602,  0.0623,  0.0830,  0.1832,  0.0691],
       grad_fn=<SelectBackward0>) tensor([-0.5237, -0.4483, -0.5484, -0.5410, -0.4811, -0.4406, -0.3805, -0.5021,
        -0.4343, -0.6408, -0.4457, -0.3945, -0.3454, -0.3816, -0.3749, -0.4307,
        -0.3351, -0.4829, -0.4034, -0.3148, -0.4863, -0.4129, -0.1946, -0.4351,
        -0.3711, -0.3023, -0.2489, -0.3844, -0.2870, -0.2338, -0.3425, -0.3102],
       grad_fn=<SelectBackward0>)
AUC: 0.7378310671316836
4.5183892250061035
The time elapse of epoch 027 is: 00: 00: 53
tensor([ 0.1926,  0.1352,  0.1630,  0.0861,  0.1320,  0.1775,  0.1211,  0.1211,
         0.1243,  0.0394,  0.1237,  0.0586,  0.1742, -0.0640, -0.0149,  0.1541,
         0.0312,  0.2158,  0.2066, -0.0652,  0.1837,  0.1068,  0.1820,  0.0822,
        -0.0328,  0.1171,  0.0085,  0.0548,  0.0556,  0.0794,  0.1870,  0.0621],
       grad_fn=<SelectBackward0>) tensor([-0.5381, -0.4617, -0.5675, -0.5594, -0.4966, -0.4503, -0.3846, -0.5195,
        -0.4459, -0.6643, -0.4567, -0.4058, -0.3497, -0.3866, -0.3825, -0.4404,
        -0.3369, -0.4974, -0.4127, -0.3135, -0.5008, -0.4214, -0.1896, -0.4456,
        -0.3806, -0.3044, -0.2481, -0.3907, -0.2871, -0.2298, -0.3447, -0.3111],
       grad_fn=<SelectBackward0>)
AUC: 0.7386154918619623
4.741547107696533
The time elapse of epoch 028 is: 00: 00: 53
tensor([ 0.2002,  0.1391,  0.1724,  0.0886,  0.1392,  0.1802,  0.1249,  0.1267,
         0.1260,  0.0368,  0.1267,  0.0606,  0.1785, -0.0717, -0.0222,  0.1547,
         0.0307,  0.2268,  0.2128, -0.0722,  0.1907,  0.1054,  0.1859,  0.0840,
        -0.0369,  0.1203,  0.0054,  0.0551,  0.0541,  0.0780,  0.1965,  0.0630],
       grad_fn=<SelectBackward0>) tensor([-0.5462, -0.4661, -0.5861, -0.5719, -0.5131, -0.4553, -0.3826, -0.5294,
        -0.4554, -0.6882, -0.4683, -0.4119, -0.3470, -0.3850, -0.3832, -0.4424,
        -0.3348, -0.5081, -0.4173, -0.3014, -0.5119, -0.4221, -0.1781, -0.4472,
        -0.3799, -0.2964, -0.2437, -0.3895, -0.2789, -0.2173, -0.3382, -0.3025],
       grad_fn=<SelectBackward0>)
AUC: 0.7396102116498066
4.437076568603516
The time elapse of epoch 029 is: 00: 00: 52
tensor([ 0.2126,  0.1482,  0.1818,  0.0917,  0.1471,  0.1876,  0.1339,  0.1386,
         0.1300,  0.0366,  0.1313,  0.0658,  0.1867, -0.0755, -0.0237,  0.1591,
         0.0310,  0.2417,  0.2234, -0.0760,  0.2022,  0.1088,  0.1916,  0.0906,
        -0.0368,  0.1259,  0.0052,  0.0577,  0.0568,  0.0812,  0.2063,  0.0685],
       grad_fn=<SelectBackward0>) tensor([-0.5556, -0.4681, -0.5994, -0.5823, -0.5278, -0.4610, -0.3799, -0.5376,
        -0.4629, -0.7066, -0.4733, -0.4149, -0.3440, -0.3861, -0.3847, -0.4490,
        -0.3333, -0.5182, -0.4189, -0.2960, -0.5210, -0.4238, -0.1694, -0.4486,
        -0.3798, -0.2909, -0.2373, -0.3891, -0.2742, -0.2126, -0.3359, -0.2969],
       grad_fn=<SelectBackward0>)
AUC: 0.7407114837493598
4.609878301620483
The time elapse of epoch 030 is: 00: 00: 52
tensor([ 0.2197,  0.1504,  0.1853,  0.0882,  0.1462,  0.1891,  0.1333,  0.1395,
         0.1287,  0.0271,  0.1328,  0.0656,  0.1919, -0.0872, -0.0336,  0.1566,
         0.0255,  0.2482,  0.2246, -0.0873,  0.2061,  0.1064,  0.1937,  0.0915,
        -0.0435,  0.1277, -0.0011,  0.0554,  0.0531,  0.0768,  0.2101,  0.0647],
       grad_fn=<SelectBackward0>) tensor([-0.5659, -0.4718, -0.6141, -0.5943, -0.5421, -0.4676, -0.3770, -0.5426,
        -0.4727, -0.7240, -0.4771, -0.4164, -0.3412, -0.3852, -0.3851, -0.4526,
        -0.3297, -0.5295, -0.4213, -0.2877, -0.5287, -0.4249, -0.1583, -0.4501,
        -0.3789, -0.2812, -0.2300, -0.3919, -0.2645, -0.2028, -0.3288, -0.2903],
       grad_fn=<SelectBackward0>)
AUC: 0.7419481744707771
4.415811538696289
The time elapse of epoch 031 is: 00: 00: 52
tensor([ 0.2197,  0.1515,  0.1843,  0.0874,  0.1406,  0.1900,  0.1307,  0.1395,
         0.1258,  0.0237,  0.1331,  0.0627,  0.1933, -0.1013, -0.0438,  0.1545,
         0.0208,  0.2531,  0.2246, -0.0997,  0.2096,  0.1035,  0.1934,  0.0904,
        -0.0522,  0.1295, -0.0103,  0.0503,  0.0451,  0.0736,  0.2165,  0.0596],
       grad_fn=<SelectBackward0>) tensor([-0.5752, -0.4786, -0.6256, -0.6098, -0.5584, -0.4741, -0.3702, -0.5502,
        -0.4811, -0.7459, -0.4904, -0.4166, -0.3414, -0.3860, -0.3847, -0.4548,
        -0.3241, -0.5404, -0.4232, -0.2760, -0.5419, -0.4274, -0.1494, -0.4555,
        -0.3827, -0.2696, -0.2274, -0.3912, -0.2548, -0.1926, -0.3216, -0.2785],
       grad_fn=<SelectBackward0>)
AUC: 0.7433183216988783
4.414740562438965
The time elapse of epoch 032 is: 00: 00: 52
tensor([ 0.2254,  0.1557,  0.1894,  0.0867,  0.1412,  0.1932,  0.1332,  0.1483,
         0.1266,  0.0189,  0.1399,  0.0666,  0.2040, -0.1103, -0.0497,  0.1566,
         0.0176,  0.2631,  0.2313, -0.1091,  0.2197,  0.1058,  0.1971,  0.0924,
        -0.0574,  0.1304, -0.0131,  0.0494,  0.0410,  0.0746,  0.2234,  0.0555],
       grad_fn=<SelectBackward0>) tensor([-0.5882, -0.4836, -0.6395, -0.6216, -0.5716, -0.4791, -0.3686, -0.5677,
        -0.4864, -0.7680, -0.5001, -0.4210, -0.3381, -0.3871, -0.3854, -0.4612,
        -0.3192, -0.5487, -0.4287, -0.2678, -0.5482, -0.4298, -0.1349, -0.4562,
        -0.3870, -0.2638, -0.2226, -0.3905, -0.2482, -0.1817, -0.3141, -0.2731],
       grad_fn=<SelectBackward0>)
AUC: 0.7447478753943769
4.4837024211883545
The time elapse of epoch 033 is: 00: 00: 51
tensor([ 0.2319,  0.1615,  0.1954,  0.0852,  0.1398,  0.1986,  0.1357,  0.1534,
         0.1280,  0.0153,  0.1446,  0.0684,  0.2131, -0.1197, -0.0570,  0.1585,
         0.0166,  0.2723,  0.2366, -0.1186,  0.2259,  0.1051,  0.2010,  0.0975,
        -0.0629,  0.1312, -0.0167,  0.0481,  0.0381,  0.0755,  0.2350,  0.0534],
       grad_fn=<SelectBackward0>) tensor([-0.5944, -0.4839, -0.6488, -0.6256, -0.5746, -0.4843, -0.3665, -0.5778,
        -0.4889, -0.7820, -0.5035, -0.4170, -0.3349, -0.3837, -0.3839, -0.4601,
        -0.3121, -0.5570, -0.4313, -0.2571, -0.5483, -0.4325, -0.1249, -0.4557,
        -0.3876, -0.2563, -0.2159, -0.3913, -0.2414, -0.1715, -0.3093, -0.2667],
       grad_fn=<SelectBackward0>)
AUC: 0.7463249538702602
4.458340883255005
The time elapse of epoch 034 is: 00: 00: 55
tensor([ 0.2448,  0.1713,  0.2039,  0.0880,  0.1434,  0.2085,  0.1436,  0.1647,
         0.1332,  0.0155,  0.1474,  0.0695,  0.2204, -0.1280, -0.0605,  0.1660,
         0.0166,  0.2892,  0.2468, -0.1233,  0.2381,  0.1081,  0.2096,  0.1002,
        -0.0693,  0.1428, -0.0196,  0.0486,  0.0381,  0.0798,  0.2470,  0.0619],
       grad_fn=<SelectBackward0>) tensor([-0.5983, -0.4822, -0.6597, -0.6339, -0.5779, -0.4881, -0.3576, -0.5822,
        -0.4903, -0.7965, -0.5059, -0.4137, -0.3294, -0.3784, -0.3773, -0.4582,
        -0.3055, -0.5590, -0.4302, -0.2447, -0.5490, -0.4306, -0.1071, -0.4549,
        -0.3860, -0.2484, -0.2038, -0.3854, -0.2321, -0.1581, -0.3026, -0.2571],
       grad_fn=<SelectBackward0>)
AUC: 0.7479048970436378
4.494285583496094
The time elapse of epoch 035 is: 00: 00: 51
tensor([ 0.2568,  0.1821,  0.2103,  0.0875,  0.1472,  0.2171,  0.1508,  0.1719,
         0.1386,  0.0119,  0.1529,  0.0724,  0.2303, -0.1368, -0.0638,  0.1675,
         0.0178,  0.3034,  0.2541, -0.1301,  0.2491,  0.1123,  0.2191,  0.1070,
        -0.0715,  0.1488, -0.0236,  0.0517,  0.0354,  0.0812,  0.2608,  0.0630],
       grad_fn=<SelectBackward0>) tensor([-0.6060, -0.4859, -0.6760, -0.6491, -0.5911, -0.4972, -0.3544, -0.5943,
        -0.4960, -0.8189, -0.5173, -0.4177, -0.3325, -0.3803, -0.3784, -0.4664,
        -0.3041, -0.5685, -0.4372, -0.2353, -0.5590, -0.4311, -0.0946, -0.4598,
        -0.3876, -0.2440, -0.1990, -0.3843, -0.2269, -0.1508, -0.2989, -0.2510],
       grad_fn=<SelectBackward0>)
AUC: 0.7495643566829681
4.46712327003479
The time elapse of epoch 036 is: 00: 00: 50
tensor([ 0.2657,  0.1888,  0.2222,  0.0918,  0.1500,  0.2270,  0.1620,  0.1786,
         0.1440,  0.0079,  0.1580,  0.0766,  0.2351, -0.1448, -0.0687,  0.1685,
         0.0194,  0.3139,  0.2635, -0.1371,  0.2589,  0.1151,  0.2281,  0.1122,
        -0.0758,  0.1541, -0.0269,  0.0526,  0.0331,  0.0835,  0.2755,  0.0661],
       grad_fn=<SelectBackward0>) tensor([-0.6226, -0.5004, -0.6974, -0.6710, -0.6107, -0.5118, -0.3561, -0.6147,
        -0.5093, -0.8451, -0.5325, -0.4320, -0.3354, -0.3860, -0.3896, -0.4779,
        -0.3051, -0.5852, -0.4500, -0.2276, -0.5747, -0.4369, -0.0878, -0.4669,
        -0.3911, -0.2406, -0.1986, -0.3884, -0.2215, -0.1445, -0.2980, -0.2473],
       grad_fn=<SelectBackward0>)
AUC: 0.7512443840844142
7.89514422416687
The time elapse of epoch 037 is: 00: 01: 05
tensor([ 0.2762,  0.1907,  0.2308,  0.0924,  0.1548,  0.2351,  0.1682,  0.1853,
         0.1499,  0.0036,  0.1639,  0.0793,  0.2441, -0.1563, -0.0764,  0.1696,
         0.0131,  0.3281,  0.2706, -0.1481,  0.2731,  0.1104,  0.2327,  0.1146,
        -0.0846,  0.1549, -0.0334,  0.0501,  0.0265,  0.0846,  0.2814,  0.0628],
       grad_fn=<SelectBackward0>) tensor([-0.6272, -0.5027, -0.7077, -0.6781, -0.6191, -0.5136, -0.3494, -0.6247,
        -0.5113, -0.8612, -0.5352, -0.4324, -0.3292, -0.3815, -0.3861, -0.4801,
        -0.2962, -0.5895, -0.4488, -0.2136, -0.5812, -0.4353, -0.0698, -0.4644,
        -0.3901, -0.2299, -0.1879, -0.3817, -0.2106, -0.1296, -0.2899, -0.2369],
       grad_fn=<SelectBackward0>)
AUC: 0.7529181592267242
7.3320653438568115
The time elapse of epoch 038 is: 00: 01: 10
tensor([ 2.8306e-01,  1.9428e-01,  2.3383e-01,  9.0752e-02,  1.5029e-01,
         2.4035e-01,  1.6730e-01,  1.8573e-01,  1.5018e-01, -2.5664e-04,
         1.6713e-01,  7.6098e-02,  2.5109e-01, -1.6912e-01, -8.7026e-02,
         1.6711e-01,  7.8059e-03,  3.3844e-01,  2.7156e-01, -1.6165e-01,
         2.7838e-01,  1.0871e-01,  2.3787e-01,  1.1232e-01, -9.3185e-02,
         1.5510e-01, -4.2722e-02,  4.5594e-02,  2.0937e-02,  8.3627e-02,
         2.8915e-01,  5.6578e-02], grad_fn=<SelectBackward0>) tensor([-0.6333, -0.5027, -0.7205, -0.6859, -0.6305, -0.5128, -0.3409, -0.6280,
        -0.5144, -0.8797, -0.5392, -0.4328, -0.3253, -0.3747, -0.3857, -0.4796,
        -0.2872, -0.5965, -0.4445, -0.1986, -0.5881, -0.4307, -0.0523, -0.4651,
        -0.3891, -0.2186, -0.1787, -0.3747, -0.2006, -0.1142, -0.2773, -0.2257],
       grad_fn=<SelectBackward0>)
AUC: 0.7545387961180897
7.711224555969238
The time elapse of epoch 039 is: 00: 01: 11
tensor([ 2.9501e-01,  2.0150e-01,  2.3846e-01,  9.3049e-02,  1.5065e-01,
         2.4807e-01,  1.7109e-01,  1.9050e-01,  1.5149e-01, -2.7059e-03,
         1.6885e-01,  7.7401e-02,  2.5924e-01, -1.8319e-01, -9.5944e-02,
         1.6822e-01,  1.4271e-04,  3.5175e-01,  2.7544e-01, -1.7450e-01,
         2.8728e-01,  1.1059e-01,  2.4047e-01,  1.1205e-01, -1.0281e-01,
         1.5629e-01, -4.9078e-02,  4.2017e-02,  1.6064e-02,  8.1813e-02,
         2.9571e-01,  5.4679e-02], grad_fn=<SelectBackward0>) tensor([-0.6421, -0.5092, -0.7289, -0.6939, -0.6348, -0.5121, -0.3356, -0.6321,
        -0.5155, -0.8900, -0.5401, -0.4276, -0.3203, -0.3784, -0.3819, -0.4822,
        -0.2828, -0.6024, -0.4431, -0.1926, -0.5913, -0.4313, -0.0408, -0.4632,
        -0.3881, -0.2128, -0.1765, -0.3719, -0.1981, -0.1114, -0.2707, -0.2244],
       grad_fn=<SelectBackward0>)
AUC: 0.756196716555299
7.731110334396362
The time elapse of epoch 040 is: 00: 01: 11
tensor([ 0.3004,  0.2088,  0.2465,  0.0920,  0.1458,  0.2530,  0.1698,  0.1938,
         0.1512, -0.0084,  0.1753,  0.0780,  0.2685, -0.1942, -0.1073,  0.1674,
        -0.0069,  0.3604,  0.2805, -0.1870,  0.2913,  0.1075,  0.2403,  0.1150,
        -0.1118,  0.1605, -0.0590,  0.0378,  0.0126,  0.0773,  0.2999,  0.0502],
       grad_fn=<SelectBackward0>) tensor([-0.6533, -0.5162, -0.7435, -0.7023, -0.6420, -0.5170, -0.3348, -0.6453,
        -0.5160, -0.9050, -0.5418, -0.4313, -0.3155, -0.3789, -0.3813, -0.4865,
        -0.2766, -0.6101, -0.4484, -0.1873, -0.5937, -0.4307, -0.0275, -0.4627,
        -0.3889, -0.2120, -0.1673, -0.3722, -0.1958, -0.1029, -0.2671, -0.2192],
       grad_fn=<SelectBackward0>)
AUC: 0.7577792716817279
7.432024717330933
The time elapse of epoch 041 is: 00: 01: 08
tensor([ 0.2992,  0.2166,  0.2509,  0.0934,  0.1397,  0.2633,  0.1717,  0.1942,
         0.1500, -0.0146,  0.1750,  0.0724,  0.2759, -0.2103, -0.1217,  0.1622,
        -0.0155,  0.3741,  0.2840, -0.2027,  0.2991,  0.1060,  0.2444,  0.1157,
        -0.1244,  0.1598, -0.0714,  0.0280,  0.0059,  0.0689,  0.3071,  0.0450],
       grad_fn=<SelectBackward0>) tensor([-0.6601, -0.5189, -0.7541, -0.7094, -0.6468, -0.5182, -0.3303, -0.6577,
        -0.5102, -0.9199, -0.5464, -0.4333, -0.3112, -0.3762, -0.3744, -0.4931,
        -0.2730, -0.6145, -0.4475, -0.1779, -0.5963, -0.4281, -0.0119, -0.4614,
        -0.3924, -0.2073, -0.1598, -0.3674, -0.1881, -0.0908, -0.2600, -0.2124],
       grad_fn=<SelectBackward0>)
AUC: 0.7593372610041333
8.138521671295166
The time elapse of epoch 042 is: 00: 01: 10
tensor([ 0.3080,  0.2210,  0.2599,  0.0948,  0.1428,  0.2692,  0.1716,  0.1994,
         0.1513, -0.0185,  0.1822,  0.0731,  0.2870, -0.2216, -0.1353,  0.1616,
        -0.0214,  0.3862,  0.2876, -0.2182,  0.3102,  0.1043,  0.2492,  0.1216,
        -0.1328,  0.1609, -0.0776,  0.0302, -0.0011,  0.0644,  0.3115,  0.0387],
       grad_fn=<SelectBackward0>) tensor([-0.6691, -0.5197, -0.7679, -0.7170, -0.6558, -0.5224, -0.3203, -0.6658,
        -0.5088, -0.9368, -0.5503, -0.4339, -0.3048, -0.3697, -0.3750, -0.4949,
        -0.2636, -0.6228, -0.4506, -0.1661, -0.5976, -0.4229,  0.0013, -0.4599,
        -0.3906, -0.1980, -0.1551, -0.3665, -0.1797, -0.0791, -0.2520, -0.1998],
       grad_fn=<SelectBackward0>)
AUC: 0.7607781575562086
4.3187103271484375
The time elapse of epoch 043 is: 00: 00: 55
tensor([ 0.3158,  0.2269,  0.2645,  0.0970,  0.1352,  0.2787,  0.1741,  0.2041,
         0.1507, -0.0216,  0.1841,  0.0728,  0.2936, -0.2348, -0.1464,  0.1576,
        -0.0233,  0.3971,  0.2984, -0.2286,  0.3166,  0.1060,  0.2541,  0.1251,
        -0.1421,  0.1604, -0.0844,  0.0271, -0.0065,  0.0598,  0.3275,  0.0362],
       grad_fn=<SelectBackward0>) tensor([-0.6663, -0.5206, -0.7761, -0.7221, -0.6589, -0.5244, -0.3124, -0.6717,
        -0.5048, -0.9476, -0.5508, -0.4326, -0.2951, -0.3665, -0.3695, -0.4999,
        -0.2574, -0.6218, -0.4491, -0.1530, -0.5951, -0.4222,  0.0151, -0.4581,
        -0.3877, -0.1944, -0.1432, -0.3591, -0.1745, -0.0669, -0.2464, -0.1891],
       grad_fn=<SelectBackward0>)
AUC: 0.7620536330792674
4.341285467147827
The time elapse of epoch 044 is: 00: 00: 53
tensor([ 0.3201,  0.2324,  0.2743,  0.1021,  0.1379,  0.2872,  0.1715,  0.2089,
         0.1554, -0.0203,  0.1882,  0.0754,  0.3008, -0.2455, -0.1570,  0.1595,
        -0.0243,  0.4113,  0.3050, -0.2440,  0.3298,  0.1032,  0.2621,  0.1305,
        -0.1523,  0.1628, -0.0894,  0.0236, -0.0139,  0.0594,  0.3380,  0.0318],
       grad_fn=<SelectBackward0>) tensor([-0.6796, -0.5274, -0.7936, -0.7362, -0.6708, -0.5329, -0.3151, -0.6877,
        -0.5140, -0.9666, -0.5577, -0.4384, -0.2896, -0.3687, -0.3741, -0.5096,
        -0.2549, -0.6333, -0.4617, -0.1446, -0.6025, -0.4262,  0.0271, -0.4607,
        -0.3879, -0.1914, -0.1341, -0.3604, -0.1729, -0.0587, -0.2419, -0.1835],
       grad_fn=<SelectBackward0>)
AUC: 0.7633421884287838
4.497273206710815
The time elapse of epoch 045 is: 00: 00: 50
tensor([ 0.3244,  0.2360,  0.2857,  0.1043,  0.1388,  0.2923,  0.1713,  0.2110,
         0.1568, -0.0211,  0.1924,  0.0793,  0.3144, -0.2581, -0.1670,  0.1616,
        -0.0314,  0.4254,  0.3130, -0.2586,  0.3442,  0.1027,  0.2644,  0.1374,
        -0.1582,  0.1644, -0.0947,  0.0195, -0.0198,  0.0523,  0.3455,  0.0259],
       grad_fn=<SelectBackward0>) tensor([-0.6850, -0.5247, -0.8081, -0.7370, -0.6736, -0.5313, -0.3048, -0.6939,
        -0.5139, -0.9744, -0.5544, -0.4317, -0.2801, -0.3662, -0.3720, -0.5102,
        -0.2465, -0.6327, -0.4614, -0.1327, -0.6006, -0.4217,  0.0422, -0.4537,
        -0.3836, -0.1834, -0.1221, -0.3549, -0.1610, -0.0489, -0.2305, -0.1734],
       grad_fn=<SelectBackward0>)
AUC: 0.7645336737203176
4.530373811721802
The time elapse of epoch 046 is: 00: 00: 52
tensor([ 0.3301,  0.2422,  0.2985,  0.1049,  0.1426,  0.3048,  0.1804,  0.2143,
         0.1599, -0.0232,  0.1995,  0.0808,  0.3193, -0.2684, -0.1767,  0.1630,
        -0.0318,  0.4421,  0.3228, -0.2663,  0.3536,  0.1055,  0.2703,  0.1367,
        -0.1664,  0.1685, -0.1002,  0.0162, -0.0201,  0.0529,  0.3609,  0.0262],
       grad_fn=<SelectBackward0>) tensor([-0.6886, -0.5270, -0.8207, -0.7471, -0.6798, -0.5337, -0.3019, -0.7028,
        -0.5122, -0.9895, -0.5554, -0.4332, -0.2729, -0.3681, -0.3679, -0.5169,
        -0.2389, -0.6377, -0.4640, -0.1217, -0.5989, -0.4234,  0.0558, -0.4511,
        -0.3847, -0.1783, -0.1082, -0.3500, -0.1540, -0.0361, -0.2222, -0.1642],
       grad_fn=<SelectBackward0>)
AUC: 0.7655890787969861
4.543492317199707
The time elapse of epoch 047 is: 00: 00: 52
tensor([ 0.3384,  0.2515,  0.3076,  0.1076,  0.1453,  0.3153,  0.1817,  0.2207,
         0.1611, -0.0278,  0.2060,  0.0850,  0.3308, -0.2766, -0.1887,  0.1674,
        -0.0383,  0.4560,  0.3302, -0.2771,  0.3648,  0.1055,  0.2751,  0.1381,
        -0.1730,  0.1686, -0.1033,  0.0149, -0.0234,  0.0495,  0.3677,  0.0215],
       grad_fn=<SelectBackward0>) tensor([-0.6951, -0.5289, -0.8318, -0.7557, -0.6844, -0.5393, -0.2977, -0.7089,
        -0.5117, -1.0003, -0.5580, -0.4303, -0.2674, -0.3692, -0.3644, -0.5231,
        -0.2350, -0.6404, -0.4672, -0.1134, -0.5988, -0.4256,  0.0682, -0.4487,
        -0.3854, -0.1775, -0.0972, -0.3455, -0.1517, -0.0274, -0.2181, -0.1590],
       grad_fn=<SelectBackward0>)
AUC: 0.7665427041377354
4.454777717590332
The time elapse of epoch 048 is: 00: 00: 52
tensor([ 0.3388,  0.2544,  0.3108,  0.1044,  0.1457,  0.3258,  0.1793,  0.2177,
         0.1520, -0.0361,  0.2093,  0.0824,  0.3322, -0.2938, -0.2027,  0.1612,
        -0.0505,  0.4710,  0.3285, -0.2939,  0.3726,  0.1020,  0.2812,  0.1380,
        -0.1837,  0.1649, -0.1142,  0.0058, -0.0333,  0.0440,  0.3764,  0.0142],
       grad_fn=<SelectBackward0>) tensor([-0.7043, -0.5338, -0.8445, -0.7651, -0.6926, -0.5433, -0.2941, -0.7158,
        -0.5177, -1.0170, -0.5624, -0.4315, -0.2631, -0.3698, -0.3655, -0.5293,
        -0.2347, -0.6514, -0.4745, -0.1047, -0.6029, -0.4263,  0.0786, -0.4493,
        -0.3845, -0.1715, -0.0880, -0.3457, -0.1445, -0.0191, -0.2115, -0.1540],
       grad_fn=<SelectBackward0>)
AUC: 0.7674348865728331
4.548041582107544
The time elapse of epoch 049 is: 00: 00: 51

Process finished with exit code 0
