C:\Users\10922\.conda\envs\python38\python.exe C:/Users/10922/Desktop/pdfs/AIC/project/BPR_MF3/main.py 
tensor([0.0304, 0.0234, 0.0087, 0.0274, 0.0360, 0.0250, 0.0433, 0.0289, 0.0256,
        0.0367, 0.0385, 0.0272, 0.0127, 0.0192, 0.0465, 0.0296, 0.0193, 0.0309,
        0.0351, 0.0208, 0.0036, 0.0090, 0.0159, 0.0320, 0.0262, 0.0424, 0.0128,
        0.0095, 0.0287, 0.0276, 0.0255, 0.0307], grad_fn=<SelectBackward0>) tensor([-0.0041, -0.0102, -0.0186, -0.0165, -0.0141, -0.0244, -0.0329, -0.0065,
        -0.0238, -0.0281, -0.0143, -0.0108, -0.0054, -0.0126,  0.0001, -0.0204,
        -0.0228, -0.0276, -0.0136,  0.0023, -0.0071, -0.0170, -0.0115, -0.0113,
        -0.0178, -0.0192,  0.0098, -0.0063,  0.0018, -0.0308, -0.0071, -0.0212],
       grad_fn=<SelectBackward0>)
AUC: 0.7314684985248537
4.017420053482056
The time elapse of epoch 000 is: 00: 00: 49
tensor([0.0515, 0.0369, 0.0171, 0.0445, 0.0553, 0.0410, 0.0586, 0.0454, 0.0469,
        0.0557, 0.0569, 0.0435, 0.0253, 0.0340, 0.0663, 0.0460, 0.0309, 0.0457,
        0.0556, 0.0362, 0.0200, 0.0256, 0.0307, 0.0505, 0.0451, 0.0575, 0.0278,
        0.0218, 0.0449, 0.0417, 0.0392, 0.0530], grad_fn=<SelectBackward0>) tensor([-0.0397, -0.0474, -0.0559, -0.0541, -0.0541, -0.0655, -0.0714, -0.0448,
        -0.0623, -0.0690, -0.0511, -0.0455, -0.0424, -0.0471, -0.0387, -0.0575,
        -0.0604, -0.0636, -0.0487, -0.0316, -0.0444, -0.0542, -0.0475, -0.0502,
        -0.0566, -0.0555, -0.0261, -0.0420, -0.0325, -0.0725, -0.0443, -0.0604],
       grad_fn=<SelectBackward0>)
AUC: 0.7314676359999551
7.249273300170898
The time elapse of epoch 001 is: 00: 00: 53
tensor([0.0714, 0.0539, 0.0320, 0.0607, 0.0741, 0.0564, 0.0762, 0.0628, 0.0676,
        0.0740, 0.0761, 0.0632, 0.0403, 0.0535, 0.0855, 0.0647, 0.0464, 0.0620,
        0.0740, 0.0542, 0.0386, 0.0428, 0.0468, 0.0679, 0.0652, 0.0726, 0.0435,
        0.0374, 0.0634, 0.0564, 0.0565, 0.0747], grad_fn=<SelectBackward0>) tensor([-0.0749, -0.0826, -0.0923, -0.0886, -0.0926, -0.1020, -0.1095, -0.0821,
        -0.0986, -0.1053, -0.0863, -0.0793, -0.0787, -0.0820, -0.0755, -0.0938,
        -0.0970, -0.0984, -0.0833, -0.0647, -0.0811, -0.0892, -0.0821, -0.0859,
        -0.0938, -0.0899, -0.0631, -0.0767, -0.0650, -0.1102, -0.0781, -0.0966],
       grad_fn=<SelectBackward0>)
AUC: 0.730620967349026
7.264414548873901
The time elapse of epoch 002 is: 00: 00: 59
tensor([0.0879, 0.0682, 0.0392, 0.0737, 0.0893, 0.0666, 0.0882, 0.0756, 0.0819,
        0.0876, 0.0898, 0.0761, 0.0502, 0.0650, 0.0999, 0.0761, 0.0564, 0.0740,
        0.0884, 0.0655, 0.0514, 0.0552, 0.0564, 0.0802, 0.0787, 0.0838, 0.0557,
        0.0474, 0.0758, 0.0660, 0.0665, 0.0887], grad_fn=<SelectBackward0>) tensor([-0.1107, -0.1195, -0.1285, -0.1251, -0.1304, -0.1411, -0.1478, -0.1191,
        -0.1373, -0.1433, -0.1225, -0.1129, -0.1150, -0.1177, -0.1130, -0.1308,
        -0.1355, -0.1338, -0.1186, -0.0990, -0.1191, -0.1252, -0.1163, -0.1232,
        -0.1304, -0.1255, -0.0981, -0.1129, -0.0995, -0.1487, -0.1135, -0.1333],
       grad_fn=<SelectBackward0>)
AUC: 0.7309908859741715
7.390753507614136
The time elapse of epoch 003 is: 00: 00: 59
tensor([0.1109, 0.0880, 0.0553, 0.0938, 0.1097, 0.0856, 0.1086, 0.0959, 0.1029,
        0.1088, 0.1108, 0.0971, 0.0679, 0.0842, 0.1211, 0.0954, 0.0745, 0.0932,
        0.1088, 0.0852, 0.0722, 0.0724, 0.0747, 0.0995, 0.0990, 0.1033, 0.0740,
        0.0658, 0.0959, 0.0834, 0.0842, 0.1098], grad_fn=<SelectBackward0>) tensor([-0.1474, -0.1560, -0.1652, -0.1630, -0.1684, -0.1803, -0.1864, -0.1561,
        -0.1755, -0.1823, -0.1589, -0.1491, -0.1514, -0.1528, -0.1505, -0.1681,
        -0.1740, -0.1688, -0.1555, -0.1345, -0.1560, -0.1611, -0.1511, -0.1598,
        -0.1682, -0.1603, -0.1328, -0.1490, -0.1351, -0.1877, -0.1497, -0.1706],
       grad_fn=<SelectBackward0>)
AUC: 0.7320345652253173
7.471263885498047
The time elapse of epoch 004 is: 00: 01: 00
tensor([0.1221, 0.0974, 0.0605, 0.1019, 0.1202, 0.0923, 0.1182, 0.1054, 0.1140,
        0.1191, 0.1197, 0.1073, 0.0744, 0.0923, 0.1327, 0.1033, 0.0818, 0.1000,
        0.1198, 0.0945, 0.0819, 0.0798, 0.0813, 0.1088, 0.1096, 0.1104, 0.0820,
        0.0721, 0.1065, 0.0898, 0.0917, 0.1201], grad_fn=<SelectBackward0>) tensor([-0.1696, -0.1784, -0.1875, -0.1867, -0.1945, -0.2069, -0.2106, -0.1795,
        -0.1997, -0.2086, -0.1830, -0.1710, -0.1742, -0.1751, -0.1744, -0.1932,
        -0.1995, -0.1917, -0.1790, -0.1570, -0.1801, -0.1844, -0.1721, -0.1841,
        -0.1913, -0.1828, -0.1541, -0.1712, -0.1576, -0.2146, -0.1729, -0.1946],
       grad_fn=<SelectBackward0>)
AUC: 0.7330983420667345
7.260692596435547
The time elapse of epoch 005 is: 00: 01: 00
tensor([0.1331, 0.1045, 0.0650, 0.1107, 0.1292, 0.0974, 0.1261, 0.1126, 0.1232,
        0.1271, 0.1280, 0.1163, 0.0805, 0.0980, 0.1421, 0.1100, 0.0880, 0.1071,
        0.1295, 0.1015, 0.0903, 0.0865, 0.0880, 0.1171, 0.1186, 0.1174, 0.0885,
        0.0775, 0.1142, 0.0951, 0.0989, 0.1293], grad_fn=<SelectBackward0>) tensor([-0.1951, -0.2021, -0.2128, -0.2112, -0.2214, -0.2357, -0.2372, -0.2044,
        -0.2270, -0.2362, -0.2094, -0.1951, -0.1990, -0.1995, -0.2007, -0.2201,
        -0.2258, -0.2155, -0.2041, -0.1808, -0.2053, -0.2087, -0.1948, -0.2108,
        -0.2161, -0.2065, -0.1786, -0.1950, -0.1812, -0.2411, -0.1981, -0.2203],
       grad_fn=<SelectBackward0>)
AUC: 0.733914304294075
7.253266334533691
The time elapse of epoch 006 is: 00: 01: 00
tensor([0.1342, 0.1036, 0.0595, 0.1085, 0.1295, 0.0949, 0.1240, 0.1116, 0.1233,
        0.1271, 0.1272, 0.1154, 0.0763, 0.0944, 0.1431, 0.1069, 0.0829, 0.1042,
        0.1284, 0.0997, 0.0893, 0.0843, 0.0861, 0.1163, 0.1179, 0.1157, 0.0856,
        0.0736, 0.1124, 0.0917, 0.0962, 0.1291], grad_fn=<SelectBackward0>) tensor([-0.2140, -0.2206, -0.2315, -0.2305, -0.2433, -0.2583, -0.2582, -0.2229,
        -0.2465, -0.2586, -0.2296, -0.2123, -0.2173, -0.2169, -0.2207, -0.2416,
        -0.2459, -0.2330, -0.2227, -0.1988, -0.2252, -0.2269, -0.2120, -0.2316,
        -0.2341, -0.2233, -0.1968, -0.2122, -0.1988, -0.2626, -0.2176, -0.2404],
       grad_fn=<SelectBackward0>)
AUC: 0.7346450030402765
7.567137241363525
The time elapse of epoch 007 is: 00: 00: 59
tensor([0.1362, 0.1032, 0.0536, 0.1080, 0.1301, 0.0926, 0.1234, 0.1102, 0.1246,
        0.1271, 0.1279, 0.1141, 0.0728, 0.0904, 0.1439, 0.1046, 0.0797, 0.1017,
        0.1290, 0.0976, 0.0871, 0.0822, 0.0823, 0.1152, 0.1181, 0.1125, 0.0828,
        0.0701, 0.1135, 0.0885, 0.0933, 0.1284], grad_fn=<SelectBackward0>) tensor([-0.2357, -0.2411, -0.2538, -0.2526, -0.2667, -0.2838, -0.2820, -0.2464,
        -0.2698, -0.2828, -0.2535, -0.2320, -0.2383, -0.2377, -0.2429, -0.2664,
        -0.2696, -0.2544, -0.2434, -0.2205, -0.2485, -0.2489, -0.2310, -0.2549,
        -0.2564, -0.2441, -0.2175, -0.2335, -0.2195, -0.2871, -0.2397, -0.2632],
       grad_fn=<SelectBackward0>)
AUC: 0.7350030996194602
7.704720735549927
The time elapse of epoch 008 is: 00: 01: 00
tensor([0.1390, 0.1043, 0.0494, 0.1081, 0.1316, 0.0916, 0.1238, 0.1121, 0.1262,
        0.1277, 0.1293, 0.1151, 0.0727, 0.0896, 0.1460, 0.1040, 0.0786, 0.1000,
        0.1302, 0.0977, 0.0883, 0.0805, 0.0811, 0.1159, 0.1209, 0.1116, 0.0820,
        0.0691, 0.1139, 0.0892, 0.0921, 0.1302], grad_fn=<SelectBackward0>) tensor([-0.2467, -0.2509, -0.2650, -0.2646, -0.2820, -0.3000, -0.2960, -0.2601,
        -0.2849, -0.2990, -0.2677, -0.2421, -0.2500, -0.2494, -0.2564, -0.2799,
        -0.2843, -0.2661, -0.2554, -0.2331, -0.2617, -0.2600, -0.2405, -0.2692,
        -0.2691, -0.2540, -0.2287, -0.2443, -0.2295, -0.3020, -0.2524, -0.2764],
       grad_fn=<SelectBackward0>)
AUC: 0.7351800904648563
6.946176052093506
The time elapse of epoch 009 is: 00: 00: 59
tensor([0.1441, 0.1054, 0.0484, 0.1103, 0.1354, 0.0924, 0.1259, 0.1146, 0.1306,
        0.1303, 0.1309, 0.1176, 0.0740, 0.0907, 0.1514, 0.1057, 0.0790, 0.1014,
        0.1341, 0.0996, 0.0910, 0.0811, 0.0818, 0.1179, 0.1252, 0.1127, 0.0830,
        0.0693, 0.1159, 0.0897, 0.0937, 0.1344], grad_fn=<SelectBackward0>) tensor([-0.2618, -0.2652, -0.2790, -0.2807, -0.3016, -0.3201, -0.3137, -0.2773,
        -0.3029, -0.3192, -0.2857, -0.2554, -0.2645, -0.2634, -0.2737, -0.2981,
        -0.3026, -0.2811, -0.2696, -0.2485, -0.2784, -0.2740, -0.2541, -0.2871,
        -0.2850, -0.2683, -0.2436, -0.2577, -0.2436, -0.3203, -0.2686, -0.2940],
       grad_fn=<SelectBackward0>)
AUC: 0.7353281413968262
7.499170303344727
The time elapse of epoch 010 is: 00: 01: 01
tensor([0.1556, 0.1130, 0.0515, 0.1177, 0.1456, 0.0984, 0.1349, 0.1210, 0.1403,
        0.1385, 0.1384, 0.1257, 0.0783, 0.0954, 0.1600, 0.1118, 0.0833, 0.1072,
        0.1430, 0.1052, 0.0984, 0.0865, 0.0881, 0.1251, 0.1337, 0.1193, 0.0878,
        0.0725, 0.1234, 0.0941, 0.0993, 0.1425], grad_fn=<SelectBackward0>) tensor([-0.2733, -0.2749, -0.2899, -0.2933, -0.3177, -0.3378, -0.3287, -0.2906,
        -0.3186, -0.3376, -0.3020, -0.2658, -0.2782, -0.2754, -0.2891, -0.3137,
        -0.3166, -0.2925, -0.2813, -0.2613, -0.2935, -0.2857, -0.2653, -0.3035,
        -0.2975, -0.2784, -0.2554, -0.2683, -0.2556, -0.3360, -0.2809, -0.3071],
       grad_fn=<SelectBackward0>)
AUC: 0.7354115527011517
7.482124090194702
The time elapse of epoch 011 is: 00: 01: 04
tensor([0.1560, 0.1107, 0.0453, 0.1170, 0.1462, 0.0952, 0.1339, 0.1193, 0.1403,
        0.1372, 0.1368, 0.1258, 0.0738, 0.0922, 0.1602, 0.1094, 0.0801, 0.1041,
        0.1424, 0.1032, 0.0983, 0.0834, 0.0844, 0.1229, 0.1346, 0.1161, 0.0823,
        0.0689, 0.1222, 0.0905, 0.0967, 0.1436], grad_fn=<SelectBackward0>) tensor([-0.2853, -0.2846, -0.2998, -0.3058, -0.3350, -0.3559, -0.3435, -0.3058,
        -0.3350, -0.3568, -0.3194, -0.2753, -0.2902, -0.2884, -0.3032, -0.3289,
        -0.3328, -0.3025, -0.2932, -0.2743, -0.3089, -0.2972, -0.2756, -0.3204,
        -0.3093, -0.2888, -0.2665, -0.2808, -0.2667, -0.3509, -0.2931, -0.3200],
       grad_fn=<SelectBackward0>)
AUC: 0.7353776709447389
7.6118950843811035
The time elapse of epoch 012 is: 00: 01: 01
tensor([0.1487, 0.0997, 0.0278, 0.1066, 0.1372, 0.0815, 0.1232, 0.1074, 0.1297,
        0.1264, 0.1254, 0.1139, 0.0597, 0.0790, 0.1511, 0.0970, 0.0662, 0.0916,
        0.1328, 0.0917, 0.0862, 0.0695, 0.0709, 0.1105, 0.1249, 0.1011, 0.0691,
        0.0558, 0.1113, 0.0767, 0.0833, 0.1354], grad_fn=<SelectBackward0>) tensor([-0.3000, -0.2977, -0.3137, -0.3196, -0.3546, -0.3757, -0.3611, -0.3229,
        -0.3530, -0.3767, -0.3365, -0.2859, -0.3046, -0.3013, -0.3199, -0.3476,
        -0.3510, -0.3153, -0.3065, -0.2875, -0.3254, -0.3119, -0.2868, -0.3387,
        -0.3241, -0.3007, -0.2795, -0.2939, -0.2805, -0.3682, -0.3074, -0.3348],
       grad_fn=<SelectBackward0>)
AUC: 0.7353385400357713
7.210842132568359
The time elapse of epoch 013 is: 00: 01: 01
tensor([0.1532, 0.1008, 0.0246, 0.1082, 0.1408, 0.0814, 0.1250, 0.1095, 0.1343,
        0.1293, 0.1272, 0.1161, 0.0588, 0.0787, 0.1551, 0.0979, 0.0646, 0.0914,
        0.1360, 0.0934, 0.0889, 0.0694, 0.0710, 0.1124, 0.1280, 0.1016, 0.0690,
        0.0558, 0.1133, 0.0765, 0.0835, 0.1391], grad_fn=<SelectBackward0>) tensor([-0.3082, -0.3036, -0.3223, -0.3264, -0.3665, -0.3893, -0.3710, -0.3319,
        -0.3657, -0.3902, -0.3486, -0.2894, -0.3127, -0.3085, -0.3287, -0.3580,
        -0.3639, -0.3214, -0.3121, -0.2960, -0.3335, -0.3201, -0.2938, -0.3515,
        -0.3308, -0.3070, -0.2857, -0.3028, -0.2885, -0.3780, -0.3148, -0.3428],
       grad_fn=<SelectBackward0>)
AUC: 0.7352475275749829
7.0690765380859375
The time elapse of epoch 014 is: 00: 01: 00
tensor([0.1542, 0.0980, 0.0172, 0.1062, 0.1410, 0.0772, 0.1227, 0.1077, 0.1348,
        0.1265, 0.1248, 0.1149, 0.0538, 0.0745, 0.1553, 0.0958, 0.0604, 0.0872,
        0.1354, 0.0902, 0.0869, 0.0655, 0.0665, 0.1106, 0.1267, 0.0969, 0.0647,
        0.0499, 0.1113, 0.0726, 0.0796, 0.1387], grad_fn=<SelectBackward0>) tensor([-0.3129, -0.3066, -0.3258, -0.3316, -0.3794, -0.3995, -0.3812, -0.3398,
        -0.3764, -0.4016, -0.3605, -0.2917, -0.3177, -0.3137, -0.3387, -0.3678,
        -0.3745, -0.3252, -0.3158, -0.3024, -0.3401, -0.3251, -0.2966, -0.3625,
        -0.3364, -0.3094, -0.2897, -0.3063, -0.2921, -0.3867, -0.3185, -0.3504],
       grad_fn=<SelectBackward0>)
AUC: 0.7351071064300048
7.69057297706604
The time elapse of epoch 015 is: 00: 01: 00
tensor([0.1571, 0.0969, 0.0114, 0.1065, 0.1423, 0.0741, 0.1224, 0.1053, 0.1358,
        0.1251, 0.1234, 0.1139, 0.0499, 0.0698, 0.1563, 0.0945, 0.0579, 0.0833,
        0.1360, 0.0869, 0.0849, 0.0610, 0.0631, 0.1089, 0.1288, 0.0960, 0.0607,
        0.0464, 0.1102, 0.0668, 0.0773, 0.1395], grad_fn=<SelectBackward0>) tensor([-0.3182, -0.3084, -0.3298, -0.3349, -0.3900, -0.4091, -0.3897, -0.3452,
        -0.3865, -0.4097, -0.3687, -0.2928, -0.3204, -0.3165, -0.3464, -0.3748,
        -0.3826, -0.3257, -0.3169, -0.3072, -0.3461, -0.3295, -0.2993, -0.3720,
        -0.3392, -0.3113, -0.2926, -0.3087, -0.2934, -0.3933, -0.3228, -0.3555],
       grad_fn=<SelectBackward0>)
AUC: 0.7350121709885161
7.783447742462158
The time elapse of epoch 016 is: 00: 01: 00
tensor([0.1620, 0.0966, 0.0051, 0.1065, 0.1440, 0.0706, 0.1215, 0.1047, 0.1367,
        0.1261, 0.1239, 0.1138, 0.0474, 0.0667, 0.1596, 0.0928, 0.0555, 0.0799,
        0.1373, 0.0858, 0.0843, 0.0586, 0.0610, 0.1075, 0.1296, 0.0943, 0.0566,
        0.0432, 0.1094, 0.0650, 0.0752, 0.1416], grad_fn=<SelectBackward0>) tensor([-0.3254, -0.3125, -0.3355, -0.3415, -0.4034, -0.4221, -0.4020, -0.3559,
        -0.3985, -0.4258, -0.3811, -0.2941, -0.3249, -0.3216, -0.3561, -0.3860,
        -0.3955, -0.3288, -0.3245, -0.3142, -0.3562, -0.3356, -0.3027, -0.3848,
        -0.3444, -0.3141, -0.2946, -0.3150, -0.2981, -0.4026, -0.3292, -0.3643],
       grad_fn=<SelectBackward0>)
AUC: 0.7350145603472418
7.368903398513794
The time elapse of epoch 017 is: 00: 01: 00
tensor([0.1716, 0.1016, 0.0039, 0.1144, 0.1496, 0.0742, 0.1267, 0.1104, 0.1450,
        0.1312, 0.1291, 0.1196, 0.0496, 0.0695, 0.1671, 0.0971, 0.0590, 0.0828,
        0.1431, 0.0895, 0.0903, 0.0616, 0.0627, 0.1104, 0.1368, 0.0970, 0.0602,
        0.0454, 0.1159, 0.0682, 0.0792, 0.1498], grad_fn=<SelectBackward0>) tensor([-0.3307, -0.3153, -0.3381, -0.3481, -0.4146, -0.4352, -0.4109, -0.3641,
        -0.4112, -0.4409, -0.3921, -0.2959, -0.3301, -0.3268, -0.3641, -0.3965,
        -0.4073, -0.3324, -0.3287, -0.3214, -0.3637, -0.3414, -0.3062, -0.3963,
        -0.3493, -0.3172, -0.2996, -0.3198, -0.3026, -0.4110, -0.3360, -0.3730],
       grad_fn=<SelectBackward0>)
AUC: 0.7350064229719374
7.273446083068848
The time elapse of epoch 018 is: 00: 00: 59
tensor([ 0.1764,  0.1046, -0.0007,  0.1165,  0.1542,  0.0734,  0.1306,  0.1126,
         0.1512,  0.1340,  0.1317,  0.1218,  0.0488,  0.0682,  0.1732,  0.0976,
         0.0590,  0.0801,  0.1482,  0.0911,  0.0948,  0.0609,  0.0634,  0.1130,
         0.1418,  0.0979,  0.0582,  0.0424,  0.1203,  0.0658,  0.0785,  0.1541],
       grad_fn=<SelectBackward0>) tensor([-0.3380, -0.3173, -0.3446, -0.3568, -0.4312, -0.4532, -0.4224, -0.3784,
        -0.4285, -0.4603, -0.4051, -0.2981, -0.3358, -0.3355, -0.3775, -0.4097,
        -0.4246, -0.3368, -0.3359, -0.3325, -0.3737, -0.3481, -0.3119, -0.4117,
        -0.3573, -0.3205, -0.3053, -0.3264, -0.3119, -0.4222, -0.3423, -0.3836],
       grad_fn=<SelectBackward0>)
AUC: 0.7350716766988622
7.708346366882324
The time elapse of epoch 019 is: 00: 01: 00
tensor([ 0.1805,  0.1057, -0.0054,  0.1204,  0.1577,  0.0722,  0.1315,  0.1160,
         0.1561,  0.1353,  0.1326,  0.1221,  0.0478,  0.0673,  0.1774,  0.0975,
         0.0595,  0.0795,  0.1533,  0.0925,  0.0965,  0.0590,  0.0630,  0.1123,
         0.1454,  0.0966,  0.0563,  0.0399,  0.1247,  0.0628,  0.0775,  0.1569],
       grad_fn=<SelectBackward0>) tensor([-0.3398, -0.3156, -0.3451, -0.3605, -0.4398, -0.4635, -0.4302, -0.3837,
        -0.4403, -0.4723, -0.4149, -0.2925, -0.3390, -0.3364, -0.3826, -0.4163,
        -0.4315, -0.3363, -0.3355, -0.3365, -0.3777, -0.3483, -0.3106, -0.4212,
        -0.3612, -0.3202, -0.3061, -0.3299, -0.3144, -0.4286, -0.3425, -0.3864],
       grad_fn=<SelectBackward0>)
AUC: 0.7352272653462547
7.223205804824829
The time elapse of epoch 020 is: 00: 01: 01
tensor([ 0.1878,  0.1080, -0.0085,  0.1262,  0.1629,  0.0710,  0.1365,  0.1214,
         0.1616,  0.1387,  0.1361,  0.1236,  0.0500,  0.0675,  0.1849,  0.0997,
         0.0589,  0.0795,  0.1593,  0.0957,  0.0993,  0.0592,  0.0656,  0.1110,
         0.1495,  0.0962,  0.0533,  0.0384,  0.1283,  0.0605,  0.0769,  0.1631],
       grad_fn=<SelectBackward0>) tensor([-0.3460, -0.3168, -0.3485, -0.3669, -0.4515, -0.4789, -0.4406, -0.3916,
        -0.4515, -0.4852, -0.4244, -0.2931, -0.3451, -0.3398, -0.3914, -0.4281,
        -0.4436, -0.3390, -0.3392, -0.3449, -0.3864, -0.3527, -0.3125, -0.4342,
        -0.3678, -0.3225, -0.3104, -0.3345, -0.3182, -0.4387, -0.3496, -0.3939],
       grad_fn=<SelectBackward0>)
AUC: 0.7354712233715338
7.825594186782837
The time elapse of epoch 021 is: 00: 01: 04
tensor([ 0.1920,  0.1067, -0.0168,  0.1273,  0.1637,  0.0678,  0.1351,  0.1192,
         0.1644,  0.1401,  0.1377,  0.1207,  0.0463,  0.0635,  0.1904,  0.0969,
         0.0553,  0.0742,  0.1588,  0.0952,  0.0986,  0.0543,  0.0629,  0.1083,
         0.1496,  0.0913,  0.0505,  0.0324,  0.1257,  0.0568,  0.0737,  0.1633],
       grad_fn=<SelectBackward0>) tensor([-0.3475, -0.3157, -0.3476, -0.3706, -0.4648, -0.4946, -0.4493, -0.3964,
        -0.4659, -0.5008, -0.4361, -0.2893, -0.3490, -0.3439, -0.4001, -0.4370,
        -0.4546, -0.3371, -0.3382, -0.3513, -0.3937, -0.3557, -0.3115, -0.4476,
        -0.3704, -0.3216, -0.3137, -0.3370, -0.3218, -0.4487, -0.3521, -0.3987],
       grad_fn=<SelectBackward0>)
AUC: 0.7357827202225482
7.41240382194519
The time elapse of epoch 022 is: 00: 00: 59
tensor([ 0.1968,  0.1052, -0.0224,  0.1274,  0.1674,  0.0627,  0.1383,  0.1201,
         0.1660,  0.1395,  0.1357,  0.1223,  0.0414,  0.0578,  0.1939,  0.0972,
         0.0528,  0.0707,  0.1614,  0.0931,  0.0987,  0.0516,  0.0607,  0.1047,
         0.1523,  0.0880,  0.0471,  0.0261,  0.1266,  0.0521,  0.0701,  0.1635],
       grad_fn=<SelectBackward0>) tensor([-0.3593, -0.3192, -0.3531, -0.3807, -0.4818, -0.5149, -0.4655, -0.4106,
        -0.4821, -0.5205, -0.4517, -0.2935, -0.3558, -0.3524, -0.4143, -0.4516,
        -0.4729, -0.3418, -0.3477, -0.3635, -0.4061, -0.3616, -0.3167, -0.4633,
        -0.3794, -0.3257, -0.3205, -0.3427, -0.3307, -0.4637, -0.3601, -0.4095],
       grad_fn=<SelectBackward0>)
AUC: 0.7362426740148658
7.870933771133423
The time elapse of epoch 023 is: 00: 01: 00
tensor([ 0.2021,  0.1044, -0.0305,  0.1297,  0.1688,  0.0604,  0.1373,  0.1195,
         0.1676,  0.1405,  0.1336,  0.1219,  0.0400,  0.0530,  0.1980,  0.0953,
         0.0494,  0.0670,  0.1644,  0.0902,  0.0997,  0.0493,  0.0582,  0.1029,
         0.1551,  0.0856,  0.0434,  0.0209,  0.1264,  0.0489,  0.0673,  0.1661],
       grad_fn=<SelectBackward0>) tensor([-0.3618, -0.3124, -0.3488, -0.3808, -0.4933, -0.5316, -0.4759, -0.4191,
        -0.4944, -0.5387, -0.4668, -0.2835, -0.3534, -0.3511, -0.4238, -0.4610,
        -0.4846, -0.3314, -0.3451, -0.3673, -0.4104, -0.3591, -0.3115, -0.4769,
        -0.3781, -0.3193, -0.3174, -0.3406, -0.3309, -0.4713, -0.3561, -0.4117],
       grad_fn=<SelectBackward0>)
AUC: 0.7368096165266068
8.211393594741821
The time elapse of epoch 024 is: 00: 01: 01
tensor([ 0.2111,  0.1106, -0.0327,  0.1402,  0.1773,  0.0620,  0.1424,  0.1256,
         0.1790,  0.1466,  0.1389,  0.1254,  0.0410,  0.0566,  0.2091,  0.0995,
         0.0505,  0.0685,  0.1727,  0.0941,  0.1079,  0.0522,  0.0627,  0.1076,
         0.1631,  0.0891,  0.0442,  0.0213,  0.1333,  0.0485,  0.0685,  0.1742],
       grad_fn=<SelectBackward0>) tensor([-0.3639, -0.3092, -0.3469, -0.3846, -0.5052, -0.5471, -0.4858, -0.4296,
        -0.5070, -0.5550, -0.4814, -0.2765, -0.3574, -0.3563, -0.4342, -0.4714,
        -0.4977, -0.3265, -0.3464, -0.3745, -0.4151, -0.3574, -0.3110, -0.4901,
        -0.3805, -0.3188, -0.3179, -0.3427, -0.3343, -0.4818, -0.3568, -0.4164],
       grad_fn=<SelectBackward0>)
AUC: 0.7374596036442922
7.754344940185547
The time elapse of epoch 025 is: 00: 01: 00
tensor([ 0.2208,  0.1131, -0.0392,  0.1472,  0.1817,  0.0600,  0.1481,  0.1295,
         0.1876,  0.1512,  0.1423,  0.1295,  0.0426,  0.0544,  0.2175,  0.1008,
         0.0493,  0.0657,  0.1799,  0.0946,  0.1131,  0.0523,  0.0618,  0.1061,
         0.1692,  0.0902,  0.0432,  0.0190,  0.1399,  0.0457,  0.0662,  0.1786],
       grad_fn=<SelectBackward0>) tensor([-0.3688, -0.3060, -0.3467, -0.3895, -0.5207, -0.5666, -0.4990, -0.4419,
        -0.5204, -0.5751, -0.4954, -0.2717, -0.3596, -0.3594, -0.4456, -0.4856,
        -0.5110, -0.3254, -0.3463, -0.3821, -0.4241, -0.3591, -0.3124, -0.5056,
        -0.3852, -0.3163, -0.3208, -0.3450, -0.3393, -0.4922, -0.3618, -0.4232],
       grad_fn=<SelectBackward0>)
AUC: 0.7382127147398242
7.556635618209839
The time elapse of epoch 026 is: 00: 01: 00
tensor([ 0.2232,  0.1062, -0.0512,  0.1417,  0.1831,  0.0495,  0.1459,  0.1257,
         0.1865,  0.1474,  0.1362,  0.1243,  0.0337,  0.0458,  0.2175,  0.0939,
         0.0402,  0.0550,  0.1765,  0.0871,  0.1071,  0.0417,  0.0541,  0.0956,
         0.1653,  0.0855,  0.0343,  0.0086,  0.1351,  0.0336,  0.0542,  0.1721],
       grad_fn=<SelectBackward0>) tensor([-0.3676, -0.3023, -0.3455, -0.3895, -0.5320, -0.5803, -0.5078, -0.4447,
        -0.5301, -0.5858, -0.5038, -0.2678, -0.3570, -0.3590, -0.4512, -0.4926,
        -0.5211, -0.3224, -0.3450, -0.3874, -0.4282, -0.3597, -0.3104, -0.5155,
        -0.3846, -0.3117, -0.3217, -0.3427, -0.3405, -0.4951, -0.3621, -0.4274],
       grad_fn=<SelectBackward0>)
AUC: 0.7390743508326989
7.876594305038452
The time elapse of epoch 027 is: 00: 00: 59
tensor([ 0.2351,  0.1106, -0.0550,  0.1506,  0.1912,  0.0522,  0.1490,  0.1261,
         0.1953,  0.1519,  0.1376,  0.1302,  0.0351,  0.0463,  0.2260,  0.0967,
         0.0409,  0.0561,  0.1839,  0.0891,  0.1126,  0.0439,  0.0556,  0.0978,
         0.1719,  0.0840,  0.0345,  0.0055,  0.1368,  0.0353,  0.0571,  0.1804],
       grad_fn=<SelectBackward0>) tensor([-0.3709, -0.2976, -0.3418, -0.3937, -0.5477, -0.6000, -0.5206, -0.4543,
        -0.5460, -0.6066, -0.5193, -0.2596, -0.3567, -0.3635, -0.4654, -0.5054,
        -0.5354, -0.3173, -0.3438, -0.3961, -0.4365, -0.3580, -0.3074, -0.5334,
        -0.3853, -0.3063, -0.3185, -0.3446, -0.3438, -0.5069, -0.3612, -0.4327],
       grad_fn=<SelectBackward0>)
AUC: 0.7400874316324914
8.110629320144653
The time elapse of epoch 028 is: 00: 01: 01
tensor([ 0.2475,  0.1173, -0.0628,  0.1596,  0.2004,  0.0516,  0.1535,  0.1285,
         0.2049,  0.1573,  0.1379,  0.1324,  0.0355,  0.0465,  0.2366,  0.0964,
         0.0377,  0.0518,  0.1890,  0.0922,  0.1179,  0.0425,  0.0563,  0.0991,
         0.1809,  0.0811,  0.0318,  0.0054,  0.1392,  0.0341,  0.0569,  0.1876],
       grad_fn=<SelectBackward0>) tensor([-0.3760, -0.2924, -0.3395, -0.3918, -0.5615, -0.6143, -0.5319, -0.4657,
        -0.5602, -0.6252, -0.5332, -0.2515, -0.3558, -0.3615, -0.4731, -0.5166,
        -0.5449, -0.3112, -0.3395, -0.4017, -0.4440, -0.3522, -0.3049, -0.5485,
        -0.3865, -0.3035, -0.3151, -0.3466, -0.3450, -0.5108, -0.3584, -0.4350],
       grad_fn=<SelectBackward0>)
AUC: 0.7412427987721941
7.939342260360718
The time elapse of epoch 029 is: 00: 01: 00
tensor([ 0.2529,  0.1179, -0.0717,  0.1656,  0.2023,  0.0459,  0.1543,  0.1286,
         0.2135,  0.1587,  0.1361,  0.1299,  0.0300,  0.0437,  0.2429,  0.0913,
         0.0339,  0.0442,  0.1910,  0.0876,  0.1184,  0.0385,  0.0576,  0.0976,
         0.1854,  0.0773,  0.0282, -0.0015,  0.1392,  0.0309,  0.0528,  0.1904],
       grad_fn=<SelectBackward0>) tensor([-0.3758, -0.2834, -0.3322, -0.3875, -0.5719, -0.6282, -0.5365, -0.4750,
        -0.5733, -0.6408, -0.5464, -0.2402, -0.3513, -0.3582, -0.4807, -0.5275,
        -0.5560, -0.3026, -0.3325, -0.4043, -0.4461, -0.3462, -0.3003, -0.5619,
        -0.3792, -0.2953, -0.3126, -0.3433, -0.3425, -0.5163, -0.3562, -0.4305],
       grad_fn=<SelectBackward0>)
AUC: 0.7426049864498551
6.816506624221802
The time elapse of epoch 030 is: 00: 00: 59
tensor([ 0.2636,  0.1178, -0.0792,  0.1717,  0.2045,  0.0435,  0.1566,  0.1295,
         0.2236,  0.1640,  0.1359,  0.1278,  0.0277,  0.0419,  0.2515,  0.0922,
         0.0306,  0.0400,  0.1944,  0.0881,  0.1191,  0.0346,  0.0601,  0.0945,
         0.1899,  0.0739,  0.0267, -0.0078,  0.1401,  0.0304,  0.0507,  0.1934],
       grad_fn=<SelectBackward0>) tensor([-0.3693, -0.2748, -0.3247, -0.3833, -0.5804, -0.6410, -0.5400, -0.4777,
        -0.5832, -0.6512, -0.5538, -0.2301, -0.3421, -0.3547, -0.4808, -0.5344,
        -0.5679, -0.2955, -0.3242, -0.4065, -0.4482, -0.3373, -0.2963, -0.5732,
        -0.3765, -0.2863, -0.3061, -0.3398, -0.3389, -0.5153, -0.3539, -0.4297],
       grad_fn=<SelectBackward0>)
AUC: 0.7439919694689733
7.289124250411987
The time elapse of epoch 031 is: 00: 00: 58
tensor([ 0.2750,  0.1224, -0.0870,  0.1810,  0.2106,  0.0415,  0.1568,  0.1330,
         0.2335,  0.1702,  0.1376,  0.1282,  0.0262,  0.0398,  0.2635,  0.0906,
         0.0290,  0.0355,  0.2016,  0.0907,  0.1231,  0.0317,  0.0602,  0.0968,
         0.2001,  0.0732,  0.0264, -0.0117,  0.1456,  0.0296,  0.0494,  0.2002],
       grad_fn=<SelectBackward0>) tensor([-0.3709, -0.2678, -0.3186, -0.3814, -0.5924, -0.6562, -0.5517, -0.4861,
        -0.5964, -0.6701, -0.5676, -0.2169, -0.3410, -0.3529, -0.4906, -0.5449,
        -0.5811, -0.2861, -0.3197, -0.4129, -0.4524, -0.3304, -0.2919, -0.5876,
        -0.3729, -0.2824, -0.3048, -0.3405, -0.3366, -0.5201, -0.3474, -0.4308],
       grad_fn=<SelectBackward0>)
AUC: 0.7454783464792993
7.57468318939209
The time elapse of epoch 032 is: 00: 01: 05
tensor([ 0.2836,  0.1227, -0.0996,  0.1893,  0.2141,  0.0381,  0.1580,  0.1310,
         0.2350,  0.1724,  0.1351,  0.1306,  0.0232,  0.0372,  0.2741,  0.0883,
         0.0235,  0.0286,  0.2069,  0.0926,  0.1209,  0.0285,  0.0552,  0.0911,
         0.2022,  0.0700,  0.0230, -0.0216,  0.1419,  0.0306,  0.0443,  0.2003],
       grad_fn=<SelectBackward0>) tensor([-0.3741, -0.2640, -0.3180, -0.3838, -0.6114, -0.6747, -0.5653, -0.5001,
        -0.6156, -0.6893, -0.5849, -0.2099, -0.3415, -0.3560, -0.5009, -0.5637,
        -0.5969, -0.2817, -0.3163, -0.4211, -0.4604, -0.3295, -0.2921, -0.6072,
        -0.3719, -0.2786, -0.3089, -0.3422, -0.3435, -0.5298, -0.3467, -0.4350],
       grad_fn=<SelectBackward0>)
AUC: 0.7471318033281623
7.758928298950195
The time elapse of epoch 033 is: 00: 01: 09
tensor([ 0.2942,  0.1310, -0.1050,  0.1993,  0.2258,  0.0349,  0.1626,  0.1360,
         0.2490,  0.1753,  0.1381,  0.1304,  0.0242,  0.0390,  0.2856,  0.0926,
         0.0248,  0.0240,  0.2135,  0.0962,  0.1326,  0.0287,  0.0575,  0.0963,
         0.2160,  0.0706,  0.0200, -0.0235,  0.1522,  0.0270,  0.0447,  0.2106],
       grad_fn=<SelectBackward0>) tensor([-0.3734, -0.2544, -0.3103, -0.3820, -0.6218, -0.6888, -0.5737, -0.5060,
        -0.6250, -0.7016, -0.5946, -0.2014, -0.3378, -0.3515, -0.5051, -0.5704,
        -0.6064, -0.2710, -0.3099, -0.4272, -0.4634, -0.3206, -0.2865, -0.6213,
        -0.3697, -0.2696, -0.3037, -0.3406, -0.3411, -0.5367, -0.3430, -0.4361],
       grad_fn=<SelectBackward0>)
AUC: 0.7487968676947958
7.037987947463989
The time elapse of epoch 034 is: 00: 01: 02
tensor([ 0.3082,  0.1354, -0.1131,  0.2079,  0.2350,  0.0312,  0.1671,  0.1415,
         0.2615,  0.1801,  0.1407,  0.1336,  0.0229,  0.0411,  0.2984,  0.0950,
         0.0263,  0.0177,  0.2215,  0.1005,  0.1391,  0.0253,  0.0593,  0.0988,
         0.2264,  0.0692,  0.0208, -0.0290,  0.1604,  0.0214,  0.0443,  0.2209],
       grad_fn=<SelectBackward0>) tensor([-0.3714, -0.2455, -0.3013, -0.3804, -0.6355, -0.7023, -0.5830, -0.5147,
        -0.6395, -0.7169, -0.6077, -0.1888, -0.3332, -0.3489, -0.5132, -0.5816,
        -0.6162, -0.2607, -0.3050, -0.4300, -0.4712, -0.3066, -0.2815, -0.6375,
        -0.3699, -0.2612, -0.2978, -0.3407, -0.3383, -0.5368, -0.3369, -0.4376],
       grad_fn=<SelectBackward0>)
AUC: 0.7504929540206775
7.851854085922241
The time elapse of epoch 035 is: 00: 01: 04
tensor([ 0.3194,  0.1376, -0.1240,  0.2114,  0.2396,  0.0256,  0.1693,  0.1434,
         0.2698,  0.1830,  0.1424,  0.1311,  0.0225,  0.0355,  0.3075,  0.0912,
         0.0231,  0.0120,  0.2285,  0.0964,  0.1425,  0.0218,  0.0600,  0.0986,
         0.2318,  0.0647,  0.0182, -0.0357,  0.1627,  0.0151,  0.0386,  0.2230],
       grad_fn=<SelectBackward0>) tensor([-0.3688, -0.2361, -0.2919, -0.3734, -0.6450, -0.7168, -0.5909, -0.5207,
        -0.6483, -0.7307, -0.6157, -0.1772, -0.3290, -0.3444, -0.5157, -0.5883,
        -0.6278, -0.2481, -0.2955, -0.4312, -0.4697, -0.2949, -0.2741, -0.6506,
        -0.3638, -0.2536, -0.2923, -0.3382, -0.3365, -0.5369, -0.3325, -0.4313],
       grad_fn=<SelectBackward0>)
AUC: 0.7522042008308863
7.809420108795166
The time elapse of epoch 036 is: 00: 01: 01
tensor([ 0.3319,  0.1391, -0.1302,  0.2165,  0.2477,  0.0253,  0.1775,  0.1450,
         0.2791,  0.1865,  0.1479,  0.1376,  0.0240,  0.0314,  0.3169,  0.0919,
         0.0214,  0.0066,  0.2372,  0.0965,  0.1495,  0.0251,  0.0593,  0.0971,
         0.2399,  0.0620,  0.0126, -0.0432,  0.1712,  0.0129,  0.0375,  0.2333],
       grad_fn=<SelectBackward0>) tensor([-0.3661, -0.2259, -0.2817, -0.3671, -0.6507, -0.7286, -0.5956, -0.5278,
        -0.6595, -0.7433, -0.6206, -0.1663, -0.3235, -0.3405, -0.5170, -0.5927,
        -0.6381, -0.2365, -0.2865, -0.4304, -0.4702, -0.2839, -0.2662, -0.6630,
        -0.3586, -0.2432, -0.2871, -0.3337, -0.3324, -0.5375, -0.3257, -0.4280],
       grad_fn=<SelectBackward0>)
AUC: 0.7538895855870613
3.644029140472412
The time elapse of epoch 037 is: 00: 00: 56
tensor([ 0.3424,  0.1459, -0.1413,  0.2257,  0.2540,  0.0191,  0.1798,  0.1475,
         0.2924,  0.1890,  0.1486,  0.1329,  0.0195,  0.0279,  0.3294,  0.0887,
         0.0219, -0.0028,  0.2422,  0.0932,  0.1563,  0.0200,  0.0629,  0.0976,
         0.2469,  0.0559,  0.0087, -0.0449,  0.1808,  0.0065,  0.0328,  0.2420],
       grad_fn=<SelectBackward0>) tensor([-0.3588, -0.2128, -0.2693, -0.3623, -0.6530, -0.7402, -0.6013, -0.5297,
        -0.6684, -0.7560, -0.6285, -0.1508, -0.3189, -0.3310, -0.5199, -0.5985,
        -0.6475, -0.2206, -0.2741, -0.4284, -0.4709, -0.2750, -0.2569, -0.6738,
        -0.3480, -0.2272, -0.2774, -0.3245, -0.3254, -0.5342, -0.3194, -0.4212],
       grad_fn=<SelectBackward0>)
AUC: 0.7555275078535669
7.32821798324585
The time elapse of epoch 038 is: 00: 00: 56
tensor([ 0.3495,  0.1498, -0.1551,  0.2310,  0.2607,  0.0110,  0.1829,  0.1521,
         0.3026,  0.1899,  0.1496,  0.1310,  0.0158,  0.0259,  0.3401,  0.0858,
         0.0183, -0.0120,  0.2475,  0.0888,  0.1584,  0.0098,  0.0620,  0.0934,
         0.2550,  0.0483,  0.0044, -0.0524,  0.1868, -0.0008,  0.0257,  0.2444],
       grad_fn=<SelectBackward0>) tensor([-0.3618, -0.2026, -0.2656, -0.3634, -0.6695, -0.7572, -0.6113, -0.5426,
        -0.6808, -0.7718, -0.6401, -0.1418, -0.3147, -0.3291, -0.5256, -0.6114,
        -0.6660, -0.2128, -0.2723, -0.4333, -0.4771, -0.2712, -0.2528, -0.6865,
        -0.3438, -0.2191, -0.2741, -0.3225, -0.3266, -0.5382, -0.3149, -0.4240],
       grad_fn=<SelectBackward0>)
AUC: 0.7570972075906954
7.899608135223389
The time elapse of epoch 039 is: 00: 01: 01
tensor([ 0.3588,  0.1534, -0.1677,  0.2423,  0.2672,  0.0039,  0.1820,  0.1523,
         0.3113,  0.1913,  0.1491,  0.1316,  0.0119,  0.0191,  0.3464,  0.0829,
         0.0122, -0.0215,  0.2531,  0.0856,  0.1634,  0.0030,  0.0624,  0.0939,
         0.2660,  0.0424, -0.0007, -0.0596,  0.1907, -0.0060,  0.0198,  0.2477],
       grad_fn=<SelectBackward0>) tensor([-0.3642, -0.1956, -0.2592, -0.3582, -0.6815, -0.7730, -0.6226, -0.5535,
        -0.6936, -0.7826, -0.6523, -0.1337, -0.3144, -0.3284, -0.5353, -0.6256,
        -0.6760, -0.2074, -0.2688, -0.4410, -0.4854, -0.2687, -0.2486, -0.6989,
        -0.3430, -0.2119, -0.2701, -0.3217, -0.3253, -0.5423, -0.3109, -0.4249],
       grad_fn=<SelectBackward0>)
AUC: 0.7586404489779914
8.229614019393921
The time elapse of epoch 040 is: 00: 01: 03
tensor([ 0.3772,  0.1578, -0.1796,  0.2491,  0.2745,  0.0005,  0.1838,  0.1552,
         0.3203,  0.1940,  0.1507,  0.1328,  0.0135,  0.0172,  0.3544,  0.0843,
         0.0114, -0.0262,  0.2574,  0.0839,  0.1660,  0.0009,  0.0624,  0.0924,
         0.2720,  0.0453, -0.0008, -0.0654,  0.1927, -0.0075,  0.0183,  0.2554],
       grad_fn=<SelectBackward0>) tensor([-0.3584, -0.1822, -0.2467, -0.3494, -0.6831, -0.7860, -0.6256, -0.5521,
        -0.6948, -0.7931, -0.6532, -0.1232, -0.3031, -0.3182, -0.5338, -0.6308,
        -0.6860, -0.1957, -0.2578, -0.4408, -0.4783, -0.2588, -0.2333, -0.7057,
        -0.3325, -0.1963, -0.2633, -0.3100, -0.3116, -0.5430, -0.3066, -0.4168],
       grad_fn=<SelectBackward0>)
AUC: 0.7601594253126205
3.747511625289917
The time elapse of epoch 041 is: 00: 01: 00
tensor([ 0.3933,  0.1624, -0.1841,  0.2609,  0.2851,  0.0009,  0.1899,  0.1613,
         0.3328,  0.2011,  0.1542,  0.1377,  0.0142,  0.0158,  0.3696,  0.0861,
         0.0153, -0.0288,  0.2669,  0.0852,  0.1756,  0.0017,  0.0645,  0.0927,
         0.2871,  0.0451,  0.0044, -0.0679,  0.1962, -0.0058,  0.0214,  0.2644],
       grad_fn=<SelectBackward0>) tensor([-0.3570, -0.1718, -0.2396, -0.3447, -0.6979, -0.8029, -0.6375, -0.5609,
        -0.7097, -0.8076, -0.6613, -0.1169, -0.3000, -0.3157, -0.5421, -0.6419,
        -0.6965, -0.1904, -0.2526, -0.4426, -0.4859, -0.2544, -0.2261, -0.7190,
        -0.3287, -0.1867, -0.2598, -0.3066, -0.3127, -0.5463, -0.3034, -0.4211],
       grad_fn=<SelectBackward0>)
AUC: 0.7614842001896692
7.577378511428833
The time elapse of epoch 042 is: 00: 00: 55
tensor([ 0.4027,  0.1653, -0.1955,  0.2643,  0.2918, -0.0067,  0.1946,  0.1671,
         0.3453,  0.2048,  0.1595,  0.1356,  0.0105,  0.0141,  0.3791,  0.0854,
         0.0141, -0.0343,  0.2715,  0.0836,  0.1893, -0.0031,  0.0665,  0.0900,
         0.2948,  0.0422, -0.0015, -0.0746,  0.2049, -0.0159,  0.0169,  0.2713],
       grad_fn=<SelectBackward0>) tensor([-0.3608, -0.1636, -0.2367, -0.3427, -0.7151, -0.8212, -0.6548, -0.5772,
        -0.7260, -0.8254, -0.6755, -0.1081, -0.3019, -0.3206, -0.5519, -0.6558,
        -0.7126, -0.1846, -0.2519, -0.4538, -0.4947, -0.2502, -0.2243, -0.7357,
        -0.3294, -0.1817, -0.2605, -0.3097, -0.3204, -0.5503, -0.2978, -0.4266],
       grad_fn=<SelectBackward0>)
AUC: 0.7627567624151483
3.8288042545318604
The time elapse of epoch 043 is: 00: 00: 54
tensor([ 0.4082,  0.1629, -0.2129,  0.2678,  0.2916, -0.0195,  0.1914,  0.1616,
         0.3507,  0.2055,  0.1539,  0.1279,  0.0060,  0.0014,  0.3863,  0.0745,
         0.0028, -0.0455,  0.2710,  0.0755,  0.1888, -0.0106,  0.0598,  0.0828,
         0.2975,  0.0301, -0.0104, -0.0886,  0.2049, -0.0276,  0.0054,  0.2707],
       grad_fn=<SelectBackward0>) tensor([-0.3611, -0.1570, -0.2315, -0.3400, -0.7322, -0.8398, -0.6635, -0.5876,
        -0.7356, -0.8346, -0.6822, -0.1038, -0.2960, -0.3145, -0.5521, -0.6685,
        -0.7316, -0.1796, -0.2495, -0.4590, -0.4956, -0.2488, -0.2177, -0.7530,
        -0.3265, -0.1742, -0.2587, -0.3049, -0.3184, -0.5510, -0.3001, -0.4331],
       grad_fn=<SelectBackward0>)
AUC: 0.7640051017931218
8.113308191299438
The time elapse of epoch 044 is: 00: 00: 58
tensor([ 0.4247,  0.1710, -0.2246,  0.2726,  0.2982, -0.0248,  0.1947,  0.1667,
         0.3585,  0.2092,  0.1544,  0.1283,  0.0024, -0.0068,  0.3986,  0.0720,
         0.0026, -0.0540,  0.2730,  0.0759,  0.1916, -0.0162,  0.0626,  0.0809,
         0.3088,  0.0279, -0.0124, -0.0935,  0.2105, -0.0353, -0.0023,  0.2727],
       grad_fn=<SelectBackward0>) tensor([-0.3602, -0.1442, -0.2205, -0.3399, -0.7432, -0.8564, -0.6719, -0.5984,
        -0.7481, -0.8505, -0.6968, -0.0914, -0.2914, -0.3126, -0.5620, -0.6835,
        -0.7460, -0.1669, -0.2379, -0.4672, -0.4958, -0.2381, -0.2068, -0.7715,
        -0.3226, -0.1636, -0.2546, -0.3037, -0.3113, -0.5599, -0.2940, -0.4271],
       grad_fn=<SelectBackward0>)
AUC: 0.7651143112225063
8.228031873703003
The time elapse of epoch 045 is: 00: 01: 04
tensor([ 0.4415,  0.1767, -0.2414,  0.2767,  0.3070, -0.0347,  0.1928,  0.1746,
         0.3702,  0.2168,  0.1606,  0.1254, -0.0029, -0.0132,  0.4145,  0.0708,
         0.0016, -0.0655,  0.2719,  0.0731,  0.1954, -0.0257,  0.0634,  0.0799,
         0.3185,  0.0218, -0.0136, -0.1033,  0.2116, -0.0419, -0.0071,  0.2716],
       grad_fn=<SelectBackward0>) tensor([-0.3567, -0.1308, -0.2100, -0.3328, -0.7530, -0.8673, -0.6771, -0.6022,
        -0.7523, -0.8590, -0.6999, -0.0834, -0.2834, -0.3074, -0.5690, -0.6910,
        -0.7590, -0.1582, -0.2302, -0.4658, -0.4933, -0.2309, -0.1990, -0.7801,
        -0.3127, -0.1519, -0.2475, -0.2997, -0.3029, -0.5638, -0.2887, -0.4241],
       grad_fn=<SelectBackward0>)
AUC: 0.7661790483338469
7.507545232772827
The time elapse of epoch 046 is: 00: 01: 02
tensor([ 0.4599,  0.1784, -0.2543,  0.2857,  0.3160, -0.0372,  0.1941,  0.1760,
         0.3776,  0.2214,  0.1615,  0.1319, -0.0082, -0.0171,  0.4264,  0.0695,
        -0.0035, -0.0730,  0.2779,  0.0735,  0.1966, -0.0260,  0.0602,  0.0728,
         0.3268,  0.0152, -0.0167, -0.1139,  0.2129, -0.0424, -0.0060,  0.2778],
       grad_fn=<SelectBackward0>) tensor([-0.3586, -0.1232, -0.2038, -0.3319, -0.7715, -0.8847, -0.6883, -0.6103,
        -0.7666, -0.8707, -0.7093, -0.0771, -0.2794, -0.3076, -0.5777, -0.7050,
        -0.7736, -0.1542, -0.2239, -0.4732, -0.4972, -0.2281, -0.1950, -0.7925,
        -0.3093, -0.1457, -0.2445, -0.2969, -0.3041, -0.5659, -0.2858, -0.4293],
       grad_fn=<SelectBackward0>)
AUC: 0.7671062490855612
7.507012367248535
The time elapse of epoch 047 is: 00: 01: 02
tensor([ 0.4742,  0.1865, -0.2689,  0.2909,  0.3233, -0.0444,  0.1925,  0.1780,
         0.3860,  0.2260,  0.1644,  0.1273, -0.0104, -0.0200,  0.4387,  0.0701,
        -0.0069, -0.0805,  0.2789,  0.0730,  0.1990, -0.0312,  0.0607,  0.0699,
         0.3344,  0.0136, -0.0190, -0.1194,  0.2164, -0.0485, -0.0109,  0.2821],
       grad_fn=<SelectBackward0>) tensor([-0.3519, -0.1133, -0.1980, -0.3283, -0.7811, -0.8978, -0.6980, -0.6162,
        -0.7770, -0.8790, -0.7142, -0.0694, -0.2770, -0.3012, -0.5786, -0.7165,
        -0.7828, -0.1487, -0.2147, -0.4740, -0.4988, -0.2243, -0.1911, -0.8031,
        -0.3077, -0.1376, -0.2405, -0.2930, -0.3054, -0.5619, -0.2822, -0.4279],
       grad_fn=<SelectBackward0>)
AUC: 0.7680025052902589
6.516975402832031
The time elapse of epoch 048 is: 00: 00: 48
tensor([ 0.4894,  0.1923, -0.2795,  0.3011,  0.3281, -0.0518,  0.1936,  0.1788,
         0.3936,  0.2312,  0.1669,  0.1242, -0.0198, -0.0252,  0.4555,  0.0672,
        -0.0120, -0.0859,  0.2799,  0.0733,  0.2062, -0.0371,  0.0585,  0.0721,
         0.3418,  0.0071, -0.0219, -0.1293,  0.2176, -0.0505, -0.0152,  0.2844],
       grad_fn=<SelectBackward0>) tensor([-0.3502, -0.1022, -0.1904, -0.3233, -0.7873, -0.9096, -0.7045, -0.6181,
        -0.7832, -0.8881, -0.7183, -0.0601, -0.2721, -0.2947, -0.5791, -0.7188,
        -0.7857, -0.1405, -0.2065, -0.4745, -0.4972, -0.2158, -0.1837, -0.8123,
        -0.3002, -0.1288, -0.2364, -0.2916, -0.3014, -0.5662, -0.2749, -0.4250],
       grad_fn=<SelectBackward0>)
AUC: 0.7688125947266967
7.731282949447632
The time elapse of epoch 049 is: 00: 01: 02
tensor([ 5.0291e-01,  1.9187e-01, -2.9296e-01,  3.0542e-01,  3.3664e-01,
        -6.1647e-02,  1.9236e-01,  1.8715e-01,  4.0586e-01,  2.4099e-01,
         1.7001e-01,  1.1783e-01, -2.4486e-02, -2.8452e-02,  4.7334e-01,
         6.4185e-02, -1.4747e-02, -9.6116e-02,  2.8210e-01,  7.1639e-02,
         2.0970e-01, -4.0098e-02,  5.8655e-02,  6.7262e-02,  3.4990e-01,
         3.4056e-04, -2.2478e-02, -1.3808e-01,  2.2087e-01, -5.7402e-02,
        -2.0414e-02,  2.8444e-01], grad_fn=<SelectBackward0>) tensor([-0.3404, -0.0892, -0.1816, -0.3136, -0.7984, -0.9145, -0.7037, -0.6168,
        -0.7855, -0.8914, -0.7171, -0.0515, -0.2669, -0.2834, -0.5771, -0.7278,
        -0.7895, -0.1336, -0.1953, -0.4708, -0.4939, -0.2074, -0.1742, -0.8155,
        -0.2912, -0.1191, -0.2264, -0.2861, -0.2924, -0.5671, -0.2687, -0.4185],
       grad_fn=<SelectBackward0>)
AUC: 0.7695511269943582
3.6954081058502197
The time elapse of epoch 050 is: 00: 00: 56
tensor([ 0.5204,  0.1930, -0.3039,  0.3106,  0.3412, -0.0681,  0.1959,  0.1899,
         0.4140,  0.2410,  0.1713,  0.1142, -0.0317, -0.0344,  0.4851,  0.0607,
        -0.0155, -0.1022,  0.2838,  0.0680,  0.2119, -0.0480,  0.0590,  0.0605,
         0.3551, -0.0034, -0.0237, -0.1469,  0.2231, -0.0614, -0.0228,  0.2847],
       grad_fn=<SelectBackward0>) tensor([-0.3335, -0.0802, -0.1744, -0.3106, -0.8086, -0.9241, -0.7041, -0.6136,
        -0.7905, -0.8969, -0.7154, -0.0481, -0.2585, -0.2732, -0.5734, -0.7355,
        -0.7952, -0.1269, -0.1877, -0.4680, -0.4919, -0.2042, -0.1646, -0.8229,
        -0.2824, -0.1067, -0.2203, -0.2764, -0.2897, -0.5635, -0.2651, -0.4203],
       grad_fn=<SelectBackward0>)
AUC: 0.7701954154486782
3.721743106842041
The time elapse of epoch 051 is: 00: 00: 43
tensor([ 0.5351,  0.2014, -0.3122,  0.3249,  0.3536, -0.0743,  0.2004,  0.1915,
         0.4241,  0.2502,  0.1667,  0.1152, -0.0400, -0.0390,  0.4987,  0.0611,
        -0.0181, -0.1059,  0.2867,  0.0658,  0.2199, -0.0509,  0.0597,  0.0597,
         0.3673, -0.0063, -0.0294, -0.1538,  0.2274, -0.0641, -0.0219,  0.2904],
       grad_fn=<SelectBackward0>) tensor([-0.3294, -0.0756, -0.1663, -0.3061, -0.8167, -0.9295, -0.7080, -0.6110,
        -0.7940, -0.9008, -0.7157, -0.0434, -0.2557, -0.2696, -0.5736, -0.7429,
        -0.8016, -0.1221, -0.1812, -0.4639, -0.4940, -0.2016, -0.1608, -0.8316,
        -0.2746, -0.0996, -0.2184, -0.2702, -0.2864, -0.5614, -0.2629, -0.4192],
       grad_fn=<SelectBackward0>)
AUC: 0.7707369420264516
8.354619979858398
The time elapse of epoch 052 is: 00: 00: 57
tensor([ 0.5515,  0.2057, -0.3235,  0.3351,  0.3618, -0.0750,  0.2060,  0.1934,
         0.4381,  0.2553,  0.1616,  0.1195, -0.0348, -0.0431,  0.5095,  0.0609,
        -0.0177, -0.1060,  0.2991,  0.0640,  0.2278, -0.0495,  0.0619,  0.0548,
         0.3745, -0.0083, -0.0315, -0.1610,  0.2320, -0.0699, -0.0203,  0.3036],
       grad_fn=<SelectBackward0>) tensor([-0.3242, -0.0682, -0.1610, -0.3005, -0.8256, -0.9403, -0.7098, -0.6119,
        -0.8003, -0.9051, -0.7164, -0.0383, -0.2508, -0.2616, -0.5715, -0.7496,
        -0.8073, -0.1164, -0.1722, -0.4597, -0.4967, -0.2017, -0.1526, -0.8435,
        -0.2652, -0.0917, -0.2121, -0.2634, -0.2845, -0.5545, -0.2623, -0.4157],
       grad_fn=<SelectBackward0>)
AUC: 0.7712127493958445
7.788986444473267
The time elapse of epoch 053 is: 00: 01: 03
tensor([ 0.5683,  0.2049, -0.3348,  0.3420,  0.3718, -0.0835,  0.2085,  0.1965,
         0.4483,  0.2576,  0.1580,  0.1207, -0.0376, -0.0507,  0.5267,  0.0574,
        -0.0207, -0.1114,  0.3038,  0.0619,  0.2294, -0.0534,  0.0584,  0.0514,
         0.3842, -0.0151, -0.0385, -0.1707,  0.2325, -0.0765, -0.0245,  0.3107],
       grad_fn=<SelectBackward0>) tensor([-0.3228, -0.0613, -0.1564, -0.3028, -0.8354, -0.9527, -0.7179, -0.6162,
        -0.8039, -0.9111, -0.7193, -0.0376, -0.2440, -0.2624, -0.5687, -0.7593,
        -0.8212, -0.1137, -0.1738, -0.4593, -0.4982, -0.2012, -0.1491, -0.8493,
        -0.2592, -0.0888, -0.2056, -0.2575, -0.2870, -0.5512, -0.2655, -0.4184],
       grad_fn=<SelectBackward0>)
AUC: 0.7716050618953569
7.016160488128662
The time elapse of epoch 054 is: 00: 00: 55
tensor([ 0.5844,  0.2055, -0.3435,  0.3498,  0.3798, -0.0862,  0.2111,  0.1967,
         0.4556,  0.2655,  0.1582,  0.1212, -0.0408, -0.0524,  0.5359,  0.0557,
        -0.0219, -0.1181,  0.3090,  0.0621,  0.2354, -0.0573,  0.0662,  0.0490,
         0.3937, -0.0229, -0.0399, -0.1817,  0.2370, -0.0827, -0.0256,  0.3166],
       grad_fn=<SelectBackward0>) tensor([-0.3126, -0.0459, -0.1457, -0.3010, -0.8428, -0.9605, -0.7208, -0.6167,
        -0.8109, -0.9170, -0.7233, -0.0280, -0.2335, -0.2598, -0.5673, -0.7666,
        -0.8278, -0.1032, -0.1634, -0.4608, -0.4993, -0.1957, -0.1399, -0.8562,
        -0.2509, -0.0740, -0.1985, -0.2513, -0.2832, -0.5470, -0.2622, -0.4210],
       grad_fn=<SelectBackward0>)
AUC: 0.7720086156491395
7.835326671600342
The time elapse of epoch 055 is: 00: 01: 03
tensor([ 0.5975,  0.2125, -0.3542,  0.3573,  0.3886, -0.0904,  0.2125,  0.2044,
         0.4725,  0.2759,  0.1641,  0.1136, -0.0448, -0.0581,  0.5516,  0.0545,
        -0.0245, -0.1251,  0.3093,  0.0603,  0.2407, -0.0628,  0.0716,  0.0446,
         0.3965, -0.0256, -0.0425, -0.1874,  0.2424, -0.0897, -0.0308,  0.3221],
       grad_fn=<SelectBackward0>) tensor([-0.3053, -0.0371, -0.1413, -0.2945, -0.8557, -0.9703, -0.7285, -0.6211,
        -0.8179, -0.9241, -0.7261, -0.0212, -0.2300, -0.2583, -0.5681, -0.7728,
        -0.8356, -0.0966, -0.1570, -0.4644, -0.5005, -0.1902, -0.1328, -0.8628,
        -0.2461, -0.0698, -0.1932, -0.2508, -0.2799, -0.5458, -0.2583, -0.4191],
       grad_fn=<SelectBackward0>)
AUC: 0.7723646720227619
3.869920015335083
The time elapse of epoch 056 is: 00: 00: 51
tensor([ 0.6095,  0.2176, -0.3638,  0.3663,  0.3951, -0.0913,  0.2196,  0.2069,
         0.4811,  0.2851,  0.1636,  0.1155, -0.0500, -0.0678,  0.5648,  0.0511,
        -0.0330, -0.1270,  0.3132,  0.0635,  0.2587, -0.0663,  0.0761,  0.0397,
         0.4055, -0.0301, -0.0484, -0.1922,  0.2422, -0.0909, -0.0344,  0.3292],
       grad_fn=<SelectBackward0>) tensor([-0.3052, -0.0276, -0.1373, -0.2946, -0.8684, -0.9794, -0.7369, -0.6262,
        -0.8275, -0.9323, -0.7298, -0.0169, -0.2245, -0.2599, -0.5713, -0.7811,
        -0.8449, -0.0923, -0.1557, -0.4695, -0.5049, -0.1860, -0.1309, -0.8680,
        -0.2413, -0.0630, -0.1880, -0.2503, -0.2793, -0.5471, -0.2564, -0.4242],
       grad_fn=<SelectBackward0>)
AUC: 0.7726214639332039
7.526347875595093
The time elapse of epoch 057 is: 00: 01: 02
tensor([ 0.6287,  0.2263, -0.3663,  0.3714,  0.4010, -0.0936,  0.2267,  0.2125,
         0.4942,  0.2946,  0.1646,  0.1150, -0.0489, -0.0702,  0.5746,  0.0516,
        -0.0288, -0.1274,  0.3163,  0.0628,  0.2674, -0.0654,  0.0772,  0.0405,
         0.4129, -0.0293, -0.0458, -0.1979,  0.2445, -0.0942, -0.0357,  0.3342],
       grad_fn=<SelectBackward0>) tensor([-0.3025, -0.0190, -0.1298, -0.2867, -0.8721, -0.9841, -0.7386, -0.6267,
        -0.8357, -0.9392, -0.7344, -0.0108, -0.2228, -0.2519, -0.5740, -0.7846,
        -0.8437, -0.0848, -0.1480, -0.4688, -0.5071, -0.1785, -0.1295, -0.8708,
        -0.2389, -0.0550, -0.1886, -0.2484, -0.2787, -0.5401, -0.2523, -0.4222],
       grad_fn=<SelectBackward0>)
AUC: 0.7728842208577422
3.875159978866577
The time elapse of epoch 058 is: 00: 00: 58
tensor([ 0.6447,  0.2248, -0.3803,  0.3787,  0.4049, -0.1004,  0.2256,  0.2106,
         0.5010,  0.2994,  0.1604,  0.1121, -0.0519, -0.0789,  0.5905,  0.0451,
        -0.0350, -0.1355,  0.3193,  0.0607,  0.2737, -0.0700,  0.0735,  0.0331,
         0.4183, -0.0351, -0.0479, -0.2125,  0.2486, -0.0988, -0.0409,  0.3275],
       grad_fn=<SelectBackward0>) tensor([-0.2985, -0.0146, -0.1254, -0.2856, -0.8814, -0.9901, -0.7472, -0.6299,
        -0.8431, -0.9439, -0.7382, -0.0064, -0.2186, -0.2471, -0.5733, -0.7902,
        -0.8490, -0.0822, -0.1440, -0.4672, -0.5109, -0.1770, -0.1263, -0.8822,
        -0.2334, -0.0481, -0.1858, -0.2469, -0.2794, -0.5408, -0.2519, -0.4245],
       grad_fn=<SelectBackward0>)
AUC: 0.773065064078085
8.321289300918579
The time elapse of epoch 059 is: 00: 01: 01
tensor([ 0.6613,  0.2275, -0.3860,  0.3884,  0.4083, -0.1040,  0.2271,  0.2078,
         0.5119,  0.3072,  0.1633,  0.1128, -0.0539, -0.0831,  0.6115,  0.0423,
        -0.0406, -0.1399,  0.3218,  0.0574,  0.2776, -0.0664,  0.0753,  0.0323,
         0.4262, -0.0375, -0.0480, -0.2252,  0.2536, -0.1034, -0.0400,  0.3291],
       grad_fn=<SelectBackward0>) tensor([-2.9231e-01, -3.1395e-03, -1.1709e-01, -2.7850e-01, -8.9339e-01,
        -1.0020e+00, -7.5200e-01, -6.2921e-01, -8.4841e-01, -9.4934e-01,
        -7.3995e-01, -4.8496e-04, -2.1145e-01, -2.4177e-01, -5.7353e-01,
        -7.9253e-01, -8.5477e-01, -7.7384e-02, -1.3696e-01, -4.6669e-01,
        -5.1364e-01, -1.7328e-01, -1.1911e-01, -8.8511e-01, -2.2601e-01,
        -3.5330e-02, -1.7876e-01, -2.3748e-01, -2.7680e-01, -5.3998e-01,
        -2.4569e-01, -4.2709e-01], grad_fn=<SelectBackward0>)
AUC: 0.7731964884436757
3.977140188217163
The time elapse of epoch 060 is: 00: 00: 51
tensor([ 0.6794,  0.2343, -0.3973,  0.3929,  0.4144, -0.1080,  0.2287,  0.2097,
         0.5207,  0.3145,  0.1626,  0.1130, -0.0500, -0.0849,  0.6222,  0.0393,
        -0.0430, -0.1427,  0.3244,  0.0549,  0.2837, -0.0613,  0.0780,  0.0297,
         0.4279, -0.0390, -0.0489, -0.2340,  0.2609, -0.1055, -0.0427,  0.3363],
       grad_fn=<SelectBackward0>) tensor([-2.8936e-01,  4.9404e-03, -1.1397e-01, -2.7799e-01, -9.0016e-01,
        -1.0097e+00, -7.5313e-01, -6.2633e-01, -8.5086e-01, -9.5245e-01,
        -7.4119e-01, -3.0824e-04, -2.0600e-01, -2.3534e-01, -5.7191e-01,
        -7.9495e-01, -8.5922e-01, -7.4514e-02, -1.3236e-01, -4.6507e-01,
        -5.1526e-01, -1.7359e-01, -1.0967e-01, -8.8951e-01, -2.2294e-01,
        -2.5357e-02, -1.7508e-01, -2.3136e-01, -2.7447e-01, -5.4169e-01,
        -2.4594e-01, -4.2921e-01], grad_fn=<SelectBackward0>)
AUC: 0.7732853895449635
3.781710386276245
The time elapse of epoch 061 is: 00: 00: 45
tensor([ 0.6886,  0.2464, -0.4021,  0.3999,  0.4207, -0.1101,  0.2324,  0.2167,
         0.5296,  0.3245,  0.1674,  0.1116, -0.0518, -0.0851,  0.6330,  0.0357,
        -0.0416, -0.1446,  0.3279,  0.0588,  0.2916, -0.0614,  0.0844,  0.0287,
         0.4350, -0.0419, -0.0488, -0.2374,  0.2688, -0.1080, -0.0422,  0.3445],
       grad_fn=<SelectBackward0>) tensor([-0.2862,  0.0158, -0.1021, -0.2754, -0.9090, -1.0171, -0.7562, -0.6273,
        -0.8567, -0.9572, -0.7427,  0.0067, -0.2024, -0.2305, -0.5715, -0.7963,
        -0.8674, -0.0623, -0.1254, -0.4688, -0.5142, -0.1710, -0.1055, -0.8952,
        -0.2181, -0.0152, -0.1704, -0.2277, -0.2692, -0.5424, -0.2416, -0.4278],
       grad_fn=<SelectBackward0>)
AUC: 0.7733684597805881
7.5032219886779785
The time elapse of epoch 062 is: 00: 01: 00
tensor([ 0.7049,  0.2535, -0.4071,  0.4124,  0.4314, -0.1123,  0.2373,  0.2152,
         0.5384,  0.3309,  0.1649,  0.1158, -0.0459, -0.0882,  0.6479,  0.0340,
        -0.0474, -0.1428,  0.3302,  0.0553,  0.2989, -0.0561,  0.0815,  0.0275,
         0.4373, -0.0448, -0.0476, -0.2484,  0.2694, -0.1120, -0.0402,  0.3466],
       grad_fn=<SelectBackward0>) tensor([-0.2824,  0.0242, -0.0957, -0.2731, -0.9113, -1.0223, -0.7535, -0.6239,
        -0.8586, -0.9608, -0.7388,  0.0101, -0.2014, -0.2253, -0.5668, -0.7925,
        -0.8671, -0.0605, -0.1147, -0.4658, -0.5151, -0.1691, -0.1002, -0.8956,
        -0.2123, -0.0102, -0.1699, -0.2208, -0.2630, -0.5406, -0.2404, -0.4230],
       grad_fn=<SelectBackward0>)
AUC: 0.7733991929285596
7.321954250335693
The time elapse of epoch 063 is: 00: 01: 04
tensor([ 0.7203,  0.2556, -0.4181,  0.4169,  0.4374, -0.1182,  0.2450,  0.2171,
         0.5443,  0.3357,  0.1608,  0.1144, -0.0472, -0.0933,  0.6637,  0.0355,
        -0.0553, -0.1483,  0.3351,  0.0547,  0.2985, -0.0591,  0.0813,  0.0170,
         0.4390, -0.0506, -0.0496, -0.2630,  0.2668, -0.1167, -0.0424,  0.3508],
       grad_fn=<SelectBackward0>) tensor([-0.2803,  0.0302, -0.0903, -0.2773, -0.9145, -1.0329, -0.7552, -0.6243,
        -0.8630, -0.9641, -0.7397,  0.0112, -0.1976, -0.2210, -0.5658, -0.7946,
        -0.8733, -0.0585, -0.1100, -0.4710, -0.5158, -0.1687, -0.0943, -0.9008,
        -0.2099, -0.0035, -0.1700, -0.2175, -0.2611, -0.5404, -0.2441, -0.4232],
       grad_fn=<SelectBackward0>)
AUC: 0.773400525043794
7.974701404571533
The time elapse of epoch 064 is: 00: 01: 03
tensor([ 0.7282,  0.2594, -0.4295,  0.4232,  0.4427, -0.1219,  0.2472,  0.2187,
         0.5516,  0.3357,  0.1512,  0.1085, -0.0470, -0.1012,  0.6715,  0.0311,
        -0.0601, -0.1525,  0.3396,  0.0478,  0.3033, -0.0593,  0.0813,  0.0135,
         0.4437, -0.0598, -0.0537, -0.2721,  0.2766, -0.1224, -0.0446,  0.3666],
       grad_fn=<SelectBackward0>) tensor([-0.2775,  0.0397, -0.0849, -0.2707, -0.9243, -1.0424, -0.7585, -0.6283,
        -0.8724, -0.9714, -0.7466,  0.0189, -0.1946, -0.2176, -0.5667, -0.8036,
        -0.8825, -0.0549, -0.1023, -0.4790, -0.5224, -0.1654, -0.0876, -0.9153,
        -0.2093,  0.0054, -0.1698, -0.2160, -0.2628, -0.5417, -0.2407, -0.4252],
       grad_fn=<SelectBackward0>)
AUC: 0.7733952719289847
8.312674045562744
The time elapse of epoch 065 is: 00: 00: 58
tensor([ 0.7413,  0.2627, -0.4361,  0.4288,  0.4461, -0.1284,  0.2492,  0.2190,
         0.5624,  0.3396,  0.1491,  0.1071, -0.0437, -0.1060,  0.6829,  0.0310,
        -0.0637, -0.1538,  0.3400,  0.0421,  0.3024, -0.0581,  0.0830,  0.0115,
         0.4484, -0.0600, -0.0529, -0.2818,  0.2790, -0.1248, -0.0468,  0.3727],
       grad_fn=<SelectBackward0>) tensor([-0.2738,  0.0506, -0.0765, -0.2675, -0.9356, -1.0524, -0.7645, -0.6294,
        -0.8805, -0.9813, -0.7537,  0.0283, -0.1944, -0.2162, -0.5736, -0.8087,
        -0.8868, -0.0465, -0.0967, -0.4827, -0.5258, -0.1627, -0.0772, -0.9265,
        -0.2025,  0.0150, -0.1648, -0.2133, -0.2617, -0.5447, -0.2312, -0.4247],
       grad_fn=<SelectBackward0>)
AUC: 0.7734073853055379
7.650675058364868
The time elapse of epoch 066 is: 00: 01: 04
tensor([ 0.7536,  0.2656, -0.4449,  0.4366,  0.4484, -0.1295,  0.2547,  0.2217,
         0.5776,  0.3500,  0.1485,  0.1051, -0.0446, -0.1100,  0.6940,  0.0307,
        -0.0673, -0.1558,  0.3421,  0.0358,  0.3128, -0.0575,  0.0860,  0.0038,
         0.4523, -0.0618, -0.0540, -0.2860,  0.2815, -0.1292, -0.0479,  0.3780],
       grad_fn=<SelectBackward0>) tensor([-0.2729,  0.0584, -0.0744, -0.2649, -0.9497, -1.0630, -0.7729, -0.6339,
        -0.8907, -0.9872, -0.7586,  0.0345, -0.1914, -0.2180, -0.5747, -0.8145,
        -0.8949, -0.0422, -0.0938, -0.4867, -0.5298, -0.1601, -0.0744, -0.9344,
        -0.1999,  0.0198, -0.1626, -0.2113, -0.2638, -0.5460, -0.2269, -0.4299],
       grad_fn=<SelectBackward0>)
AUC: 0.7733711670076708
7.998928546905518
The time elapse of epoch 067 is: 00: 01: 01
tensor([ 7.6782e-01,  2.7364e-01, -4.5504e-01,  4.4584e-01,  4.5421e-01,
        -1.3120e-01,  2.5930e-01,  2.2281e-01,  5.9026e-01,  3.5738e-01,
         1.4486e-01,  1.0094e-01, -4.2405e-02, -1.1540e-01,  7.0237e-01,
         2.6799e-02, -6.7000e-02, -1.6205e-01,  3.4560e-01,  2.6161e-02,
         3.2372e-01, -5.7980e-02,  8.5799e-02,  6.5835e-04,  4.5311e-01,
        -6.4198e-02, -5.6306e-02, -2.9577e-01,  2.8746e-01, -1.3666e-01,
        -5.2270e-02,  3.8256e-01], grad_fn=<SelectBackward0>) tensor([-0.2694,  0.0601, -0.0717, -0.2648, -0.9640, -1.0735, -0.7728, -0.6356,
        -0.8923, -0.9901, -0.7564,  0.0336, -0.1893, -0.2108, -0.5737, -0.8203,
        -0.9032, -0.0412, -0.0892, -0.4915, -0.5376, -0.1647, -0.0722, -0.9437,
        -0.1957,  0.0239, -0.1648, -0.2087, -0.2639, -0.5517, -0.2324, -0.4351],
       grad_fn=<SelectBackward0>)
AUC: 0.7732406961155217
3.7608273029327393
The time elapse of epoch 068 is: 00: 00: 57
tensor([ 0.7828,  0.2843, -0.4585,  0.4602,  0.4632, -0.1281,  0.2686,  0.2268,
         0.6036,  0.3710,  0.1475,  0.1013, -0.0341, -0.1135,  0.7177,  0.0271,
        -0.0560, -0.1636,  0.3442,  0.0286,  0.3320, -0.0572,  0.0873, -0.0058,
         0.4569, -0.0600, -0.0504, -0.3024,  0.2893, -0.1382, -0.0460,  0.3844],
       grad_fn=<SelectBackward0>) tensor([-0.2711,  0.0637, -0.0710, -0.2692, -0.9787, -1.0826, -0.7811, -0.6428,
        -0.9014, -0.9990, -0.7635,  0.0352, -0.1888, -0.2119, -0.5769, -0.8262,
        -0.9116, -0.0386, -0.0902, -0.4978, -0.5472, -0.1656, -0.0707, -0.9524,
        -0.1970,  0.0272, -0.1639, -0.2079, -0.2678, -0.5524, -0.2310, -0.4429],
       grad_fn=<SelectBackward0>)
AUC: 0.7731141604424046
7.711005926132202
The time elapse of epoch 069 is: 00: 00: 57
tensor([ 0.7983,  0.2880, -0.4639,  0.4730,  0.4652, -0.1265,  0.2728,  0.2257,
         0.6123,  0.3754,  0.1449,  0.1036, -0.0326, -0.1169,  0.7243,  0.0243,
        -0.0590, -0.1632,  0.3479,  0.0299,  0.3376, -0.0572,  0.0872, -0.0096,
         0.4692, -0.0598, -0.0489, -0.3050,  0.2960, -0.1395, -0.0473,  0.3879],
       grad_fn=<SelectBackward0>) tensor([-0.2667,  0.0702, -0.0659, -0.2656, -0.9880, -1.0944, -0.7863, -0.6446,
        -0.9067, -1.0055, -0.7647,  0.0388, -0.1845, -0.2076, -0.5739, -0.8304,
        -0.9169, -0.0380, -0.0861, -0.4994, -0.5499, -0.1671, -0.0599, -0.9611,
        -0.1904,  0.0337, -0.1567, -0.2053, -0.2645, -0.5531, -0.2273, -0.4415],
       grad_fn=<SelectBackward0>)
AUC: 0.7729988136095113
7.636491537094116
The time elapse of epoch 070 is: 00: 01: 03
tensor([ 0.8127,  0.2942, -0.4688,  0.4822,  0.4696, -0.1278,  0.2845,  0.2250,
         0.6194,  0.3857,  0.1442,  0.1068, -0.0271, -0.1159,  0.7330,  0.0259,
        -0.0587, -0.1628,  0.3573,  0.0272,  0.3501, -0.0559,  0.0860, -0.0099,
         0.4760, -0.0633, -0.0467, -0.3088,  0.2982, -0.1409, -0.0444,  0.3963],
       grad_fn=<SelectBackward0>) tensor([-0.2620,  0.0768, -0.0622, -0.2624, -0.9986, -1.0968, -0.7909, -0.6406,
        -0.9091, -1.0067, -0.7637,  0.0417, -0.1836, -0.1992, -0.5675, -0.8264,
        -0.9179, -0.0374, -0.0774, -0.5004, -0.5479, -0.1647, -0.0540, -0.9697,
        -0.1857,  0.0438, -0.1543, -0.1970, -0.2618, -0.5539, -0.2260, -0.4415],
       grad_fn=<SelectBackward0>)
AUC: 0.772864246628846
8.196723222732544
The time elapse of epoch 071 is: 00: 01: 03
tensor([ 0.8219,  0.2966, -0.4809,  0.4906,  0.4778, -0.1290,  0.2916,  0.2257,
         0.6316,  0.3889,  0.1394,  0.1066, -0.0319, -0.1249,  0.7438,  0.0228,
        -0.0621, -0.1668,  0.3663,  0.0275,  0.3492, -0.0564,  0.0858, -0.0168,
         0.4852, -0.0702, -0.0510, -0.3171,  0.2992, -0.1443, -0.0487,  0.4036],
       grad_fn=<SelectBackward0>) tensor([-0.2599,  0.0856, -0.0589, -0.2568, -1.0051, -1.1038, -0.7924, -0.6417,
        -0.9185, -1.0096, -0.7684,  0.0468, -0.1837, -0.1951, -0.5683, -0.8271,
        -0.9192, -0.0336, -0.0689, -0.5033, -0.5512, -0.1632, -0.0498, -0.9763,
        -0.1828,  0.0506, -0.1560, -0.1929, -0.2605, -0.5546, -0.2230, -0.4412],
       grad_fn=<SelectBackward0>)
AUC: 0.772751139018934
7.810622215270996
The time elapse of epoch 072 is: 00: 01: 05
tensor([ 0.8405,  0.2989, -0.4863,  0.5041,  0.4839, -0.1276,  0.2927,  0.2297,
         0.6411,  0.3942,  0.1425,  0.1058, -0.0306, -0.1269,  0.7536,  0.0242,
        -0.0643, -0.1652,  0.3708,  0.0233,  0.3551, -0.0560,  0.0883, -0.0171,
         0.4903, -0.0712, -0.0467, -0.3171,  0.2995, -0.1412, -0.0519,  0.4049],
       grad_fn=<SelectBackward0>) tensor([-0.2579,  0.0902, -0.0563, -0.2567, -1.0091, -1.1065, -0.7960, -0.6378,
        -0.9221, -1.0120, -0.7655,  0.0475, -0.1860, -0.1980, -0.5687, -0.8317,
        -0.9240, -0.0343, -0.0670, -0.5055, -0.5532, -0.1687, -0.0424, -0.9767,
        -0.1858,  0.0552, -0.1528, -0.1937, -0.2623, -0.5566, -0.2242, -0.4427],
       grad_fn=<SelectBackward0>)
AUC: 0.7726123519902073
3.991589307785034
The time elapse of epoch 073 is: 00: 00: 47
tensor([ 0.8566,  0.3076, -0.4901,  0.5128,  0.4930, -0.1308,  0.2980,  0.2386,
         0.6521,  0.4008,  0.1439,  0.1068, -0.0274, -0.1299,  0.7642,  0.0258,
        -0.0600, -0.1677,  0.3711,  0.0265,  0.3647, -0.0572,  0.0959, -0.0182,
         0.4940, -0.0712, -0.0432, -0.3172,  0.3063, -0.1384, -0.0522,  0.4056],
       grad_fn=<SelectBackward0>) tensor([-0.2537,  0.0976, -0.0511, -0.2578, -1.0156, -1.1126, -0.7992, -0.6422,
        -0.9263, -1.0181, -0.7680,  0.0513, -0.1883, -0.1925, -0.5733, -0.8376,
        -0.9269, -0.0308, -0.0624, -0.5120, -0.5576, -0.1707, -0.0338, -0.9820,
        -0.1825,  0.0603, -0.1514, -0.1919, -0.2605, -0.5589, -0.2232, -0.4441],
       grad_fn=<SelectBackward0>)
AUC: 0.77246614842636
7.68304443359375
The time elapse of epoch 074 is: 00: 01: 01
tensor([ 0.8699,  0.3141, -0.5000,  0.5159,  0.4940, -0.1357,  0.3005,  0.2390,
         0.6613,  0.4054,  0.1426,  0.1044, -0.0344, -0.1322,  0.7721,  0.0202,
        -0.0638, -0.1746,  0.3741,  0.0220,  0.3680, -0.0640,  0.0969, -0.0277,
         0.4952, -0.0773, -0.0465, -0.3258,  0.3072, -0.1465, -0.0606,  0.4102],
       grad_fn=<SelectBackward0>) tensor([-0.2527,  0.1047, -0.0481, -0.2547, -1.0218, -1.1203, -0.8043, -0.6423,
        -0.9294, -1.0234, -0.7719,  0.0551, -0.1856, -0.1944, -0.5751, -0.8444,
        -0.9340, -0.0250, -0.0606, -0.5139, -0.5549, -0.1670, -0.0260, -0.9885,
        -0.1785,  0.0644, -0.1464, -0.1917, -0.2568, -0.5633, -0.2197, -0.4448],
       grad_fn=<SelectBackward0>)
AUC: 0.772277196684516
7.696518659591675
The time elapse of epoch 075 is: 00: 01: 01
tensor([ 0.8780,  0.3153, -0.5106,  0.5159,  0.4974, -0.1449,  0.3017,  0.2328,
         0.6692,  0.4059,  0.1363,  0.1006, -0.0385, -0.1341,  0.7784,  0.0179,
        -0.0720, -0.1806,  0.3789,  0.0152,  0.3646, -0.0694,  0.0974, -0.0357,
         0.5004, -0.0835, -0.0534, -0.3364,  0.3115, -0.1564, -0.0675,  0.4112],
       grad_fn=<SelectBackward0>) tensor([-0.2517,  0.1120, -0.0462, -0.2540, -1.0309, -1.1262, -0.8119, -0.6500,
        -0.9385, -1.0301, -0.7789,  0.0602, -0.1848, -0.1984, -0.5798, -0.8498,
        -0.9432, -0.0228, -0.0581, -0.5228, -0.5631, -0.1637, -0.0260, -0.9931,
        -0.1790,  0.0705, -0.1444, -0.1912, -0.2633, -0.5634, -0.2164, -0.4513],
       grad_fn=<SelectBackward0>)
AUC: 0.7721039737587534
7.66192102432251
The time elapse of epoch 076 is: 00: 01: 03
tensor([ 0.8881,  0.3219, -0.5152,  0.5274,  0.5020, -0.1446,  0.3091,  0.2376,
         0.6781,  0.4078,  0.1338,  0.1056, -0.0402, -0.1349,  0.7922,  0.0188,
        -0.0737, -0.1763,  0.3824,  0.0138,  0.3687, -0.0667,  0.0993, -0.0376,
         0.5093, -0.0839, -0.0515, -0.3423,  0.3172, -0.1564, -0.0653,  0.4170],
       grad_fn=<SelectBackward0>) tensor([-0.2441,  0.1241, -0.0357, -0.2484, -1.0348, -1.1345, -0.8139, -0.6504,
        -0.9442, -1.0386, -0.7826,  0.0674, -0.1848, -0.1994, -0.5821, -0.8496,
        -0.9456, -0.0146, -0.0504, -0.5246, -0.5659, -0.1558, -0.0156, -0.9948,
        -0.1732,  0.0805, -0.1415, -0.1888, -0.2589, -0.5694, -0.2078, -0.4459],
       grad_fn=<SelectBackward0>)
AUC: 0.7719063425960192
7.51702618598938
The time elapse of epoch 077 is: 00: 00: 57
tensor([ 0.8945,  0.3325, -0.5142,  0.5408,  0.5068, -0.1432,  0.3124,  0.2393,
         0.6901,  0.4092,  0.1357,  0.1106, -0.0360, -0.1372,  0.8046,  0.0221,
        -0.0770, -0.1678,  0.3845,  0.0124,  0.3740, -0.0602,  0.1000, -0.0375,
         0.5127, -0.0923, -0.0480, -0.3531,  0.3191, -0.1542, -0.0566,  0.4241],
       grad_fn=<SelectBackward0>) tensor([-0.2449,  0.1266, -0.0355, -0.2480, -1.0415, -1.1372, -0.8179, -0.6523,
        -0.9489, -1.0399, -0.7820,  0.0691, -0.1856, -0.1962, -0.5811, -0.8481,
        -0.9502, -0.0128, -0.0496, -0.5218, -0.5686, -0.1575, -0.0154, -0.9945,
        -0.1715,  0.0816, -0.1366, -0.1871, -0.2637, -0.5660, -0.2080, -0.4476],
       grad_fn=<SelectBackward0>)
AUC: 0.771680193613141
7.486643552780151
The time elapse of epoch 078 is: 00: 01: 03
tensor([ 0.9069,  0.3372, -0.5207,  0.5476,  0.5123, -0.1415,  0.3156,  0.2402,
         0.6987,  0.4113,  0.1353,  0.1104, -0.0359, -0.1373,  0.8147,  0.0224,
        -0.0778, -0.1650,  0.3850,  0.0111,  0.3819, -0.0562,  0.0972, -0.0373,
         0.5149, -0.0908, -0.0497, -0.3580,  0.3195, -0.1545, -0.0546,  0.4295],
       grad_fn=<SelectBackward0>) tensor([-0.2415,  0.1293, -0.0375, -0.2455, -1.0455, -1.1443, -0.8198, -0.6518,
        -0.9552, -1.0447, -0.7831,  0.0698, -0.1831, -0.1927, -0.5776, -0.8538,
        -0.9550, -0.0152, -0.0448, -0.5200, -0.5661, -0.1577, -0.0146, -0.9959,
        -0.1734,  0.0825, -0.1377, -0.1864, -0.2608, -0.5605, -0.2084, -0.4545],
       grad_fn=<SelectBackward0>)
AUC: 0.7715103160305281
3.798440456390381
The time elapse of epoch 079 is: 00: 00: 51

Process finished with exit code 0
