C:\Users\10922\.conda\envs\python38\python.exe C:/Users/10922/Desktop/pdfs/AIC/project/BPR_MF3/main.py 
tensor([0.0323, 0.0465, 0.0501, 0.0505, 0.0699, 0.0298, 0.0512, 0.0583, 0.0389,
        0.0474, 0.0319, 0.0413, 0.0501, 0.0152, 0.0606, 0.0508, 0.0335, 0.0502,
        0.0864, 0.0410, 0.0517, 0.0238, 0.0322, 0.0280, 0.0408, 0.0285, 0.0448,
        0.0247, 0.0393, 0.0519, 0.0492, 0.0269], grad_fn=<SelectBackward0>) tensor([-0.0722, -0.0977, -0.0675, -0.0747, -0.0461, -0.0801, -0.0712, -0.0677,
        -0.0724, -0.0744, -0.0615, -0.0773, -0.0643, -0.0710, -0.0781, -0.0950,
        -0.0977, -0.0912, -0.0746, -0.0744, -0.0582, -0.0765, -0.0990, -0.1006,
        -0.0640, -0.0576, -0.0817, -0.0771, -0.0870, -0.0601, -0.0698, -0.0711],
       grad_fn=<SelectBackward0>)
AUC: 0.7320567251651144
MAP: 0.013732039643009899
MRR: 0.15534054908570474
Prec@10: 0.028995610637748217
Rec@10: 0.039257837918779744
F1@10: 0.029537378538871024
NDCG@10: 0.03915984447627736
1-call@10: 0.22024270591272915
12.92918872833252
The time elapse of epoch 000 is: 00: 00: 57
tensor([0.0837, 0.0976, 0.1098, 0.0949, 0.1217, 0.0752, 0.1026, 0.1068, 0.0741,
        0.0889, 0.0698, 0.0870, 0.0949, 0.0534, 0.1093, 0.0885, 0.0716, 0.1001,
        0.1476, 0.0895, 0.0937, 0.0707, 0.0676, 0.0681, 0.0909, 0.0678, 0.0858,
        0.0592, 0.0800, 0.0949, 0.0978, 0.0662], grad_fn=<SelectBackward0>) tensor([-0.1661, -0.1912, -0.1678, -0.1727, -0.1409, -0.1797, -0.1581, -0.1620,
        -0.1674, -0.1661, -0.1521, -0.1709, -0.1540, -0.1633, -0.1730, -0.1887,
        -0.2030, -0.1933, -0.1683, -0.1638, -0.1366, -0.1724, -0.1987, -0.1987,
        -0.1639, -0.1519, -0.1745, -0.1671, -0.1833, -0.1555, -0.1647, -0.1618],
       grad_fn=<SelectBackward0>)
AUC: 0.7349989216865855
MAP: 0.015742171995845097
MRR: 0.15812533136312948
Prec@10: 0.03033823909114346
Rec@10: 0.04250260849439166
F1@10: 0.03133113848342743
NDCG@10: 0.04207239192041023
1-call@10: 0.23341079266718306
13.317603588104248
The time elapse of epoch 001 is: 00: 00: 54
tensor([0.0923, 0.1060, 0.1279, 0.1002, 0.1363, 0.0771, 0.1131, 0.1159, 0.0734,
        0.0893, 0.0689, 0.0936, 0.1045, 0.0557, 0.1160, 0.0890, 0.0729, 0.1091,
        0.1675, 0.0979, 0.0985, 0.0741, 0.0655, 0.0712, 0.0989, 0.0676, 0.0921,
        0.0588, 0.0798, 0.1012, 0.1039, 0.0693], grad_fn=<SelectBackward0>) tensor([-0.2343, -0.2656, -0.2440, -0.2505, -0.2102, -0.2556, -0.2213, -0.2239,
        -0.2397, -0.2350, -0.2199, -0.2458, -0.2153, -0.2297, -0.2455, -0.2590,
        -0.2862, -0.2720, -0.2446, -0.2307, -0.1948, -0.2492, -0.2811, -0.2745,
        -0.2407, -0.2257, -0.2444, -0.2277, -0.2528, -0.2288, -0.2397, -0.2280],
       grad_fn=<SelectBackward0>)
AUC: 0.7378535716275639
MAP: 0.015259495092515885
MRR: 0.15909342400434404
Prec@10: 0.029925122643944892
Rec@10: 0.04182905447032724
F1@10: 0.030854337168222775
NDCG@10: 0.041683048236059256
1-call@10: 0.23186160599018849
25.54039978981018
The time elapse of epoch 002 is: 00: 01: 06
tensor([0.0873, 0.1024, 0.1339, 0.0874, 0.1329, 0.0656, 0.1055, 0.1129, 0.0559,
        0.0780, 0.0535, 0.0828, 0.0927, 0.0404, 0.1067, 0.0731, 0.0588, 0.1003,
        0.1706, 0.0971, 0.0886, 0.0645, 0.0482, 0.0626, 0.0986, 0.0488, 0.0808,
        0.0436, 0.0624, 0.0896, 0.0947, 0.0561], grad_fn=<SelectBackward0>) tensor([-0.2745, -0.3097, -0.3007, -0.2981, -0.2512, -0.3076, -0.2568, -0.2584,
        -0.2840, -0.2776, -0.2598, -0.2921, -0.2512, -0.2684, -0.2888, -0.3052,
        -0.3444, -0.3166, -0.2941, -0.2697, -0.2270, -0.2982, -0.3424, -0.3247,
        -0.2942, -0.2758, -0.2892, -0.2619, -0.2951, -0.2730, -0.2877, -0.2635],
       grad_fn=<SelectBackward0>)
AUC: 0.738453544752716
MAP: 0.015202720422720481
MRR: 0.16067126206552865
Prec@10: 0.028763232636199017
Rec@10: 0.038896280761572366
F1@10: 0.02931667486123444
NDCG@10: 0.040756077929403854
1-call@10: 0.21869351923573457
13.450395345687866
The time elapse of epoch 003 is: 00: 01: 00