C:\Users\10922\.conda\envs\python38\python.exe C:/Users/10922/Desktop/pdfs/AIC/project/BPR_MF3/main.py 
tensor([ 0.0160,  0.0101,  0.0164,  0.0038,  0.0468,  0.0165,  0.0290,  0.0117,
         0.0025,  0.0268,  0.0153,  0.0283,  0.0176,  0.0082,  0.0144, -0.0010,
         0.0259,  0.0130,  0.0003, -0.0034,  0.0104,  0.0250,  0.0073,  0.0006,
         0.0138,  0.0020,  0.0183,  0.0079,  0.0066,  0.0108,  0.0037,  0.0071],
       grad_fn=<SelectBackward0>) tensor([-2.1408e-02,  1.6515e-02, -1.1839e-02,  5.2815e-03,  1.0151e-02,
        -1.9638e-03, -7.9290e-06, -1.1485e-02,  4.3553e-04, -4.3395e-03,
         1.3682e-02, -1.8534e-03, -8.2016e-03,  8.8095e-06,  6.3162e-03,
         1.6985e-02,  1.2439e-02, -2.8762e-03, -5.8411e-03, -1.5267e-02,
         1.0755e-02,  5.0689e-03, -1.2772e-02, -1.7910e-03,  4.1347e-04,
         4.0288e-03,  8.9454e-04,  9.4728e-03,  1.7398e-02,  5.9381e-03,
        -2.1418e-02, -2.0242e-02], grad_fn=<SelectBackward0>)
AUC: 0.7336566263234825
8.51560664176941
The time elapse of epoch 000 is: 00: 01: 03
tensor([0.0242, 0.0207, 0.0322, 0.0164, 0.0572, 0.0269, 0.0432, 0.0172, 0.0095,
        0.0366, 0.0222, 0.0379, 0.0258, 0.0164, 0.0209, 0.0093, 0.0374, 0.0168,
        0.0026, 0.0002, 0.0233, 0.0293, 0.0132, 0.0071, 0.0247, 0.0066, 0.0326,
        0.0165, 0.0124, 0.0195, 0.0135, 0.0146], grad_fn=<SelectBackward0>) tensor([-0.0428,  0.0005, -0.0309, -0.0134, -0.0104, -0.0240, -0.0194, -0.0332,
        -0.0178, -0.0265, -0.0008, -0.0192, -0.0260, -0.0190, -0.0152,  0.0014,
        -0.0060, -0.0220, -0.0229, -0.0367, -0.0069, -0.0127, -0.0316, -0.0223,
        -0.0215, -0.0133, -0.0175, -0.0103,  0.0009, -0.0119, -0.0411, -0.0406],
       grad_fn=<SelectBackward0>)
AUC: 0.73826401303729
7.994917392730713
The time elapse of epoch 001 is: 00: 01: 04
tensor([0.0372, 0.0328, 0.0478, 0.0288, 0.0725, 0.0407, 0.0584, 0.0285, 0.0233,
        0.0514, 0.0362, 0.0522, 0.0389, 0.0278, 0.0321, 0.0230, 0.0514, 0.0266,
        0.0102, 0.0090, 0.0381, 0.0416, 0.0267, 0.0192, 0.0402, 0.0169, 0.0480,
        0.0298, 0.0240, 0.0335, 0.0273, 0.0270], grad_fn=<SelectBackward0>) tensor([-0.0711, -0.0242, -0.0559, -0.0383, -0.0369, -0.0517, -0.0446, -0.0607,
        -0.0432, -0.0536, -0.0239, -0.0444, -0.0515, -0.0451, -0.0401, -0.0223,
        -0.0318, -0.0487, -0.0472, -0.0639, -0.0326, -0.0374, -0.0571, -0.0470,
        -0.0478, -0.0368, -0.0426, -0.0379, -0.0239, -0.0367, -0.0662, -0.0679],
       grad_fn=<SelectBackward0>)
AUC: 0.7363500056308253
8.079327821731567
The time elapse of epoch 002 is: 00: 01: 05
tensor([0.0460, 0.0414, 0.0582, 0.0376, 0.0837, 0.0494, 0.0704, 0.0364, 0.0331,
        0.0606, 0.0431, 0.0620, 0.0476, 0.0376, 0.0417, 0.0313, 0.0621, 0.0332,
        0.0167, 0.0148, 0.0477, 0.0486, 0.0371, 0.0281, 0.0499, 0.0217, 0.0601,
        0.0394, 0.0320, 0.0408, 0.0367, 0.0356], grad_fn=<SelectBackward0>) tensor([-0.0947, -0.0448, -0.0799, -0.0612, -0.0593, -0.0747, -0.0649, -0.0839,
        -0.0646, -0.0760, -0.0434, -0.0651, -0.0722, -0.0678, -0.0620, -0.0414,
        -0.0537, -0.0713, -0.0680, -0.0868, -0.0545, -0.0579, -0.0798, -0.0691,
        -0.0708, -0.0591, -0.0627, -0.0613, -0.0443, -0.0574, -0.0885, -0.0912],
       grad_fn=<SelectBackward0>)
AUC: 0.7349870044665651
7.310635566711426
The time elapse of epoch 003 is: 00: 01: 02
tensor([0.0559, 0.0506, 0.0704, 0.0480, 0.0953, 0.0597, 0.0832, 0.0456, 0.0439,
        0.0720, 0.0538, 0.0735, 0.0565, 0.0483, 0.0528, 0.0413, 0.0737, 0.0416,
        0.0253, 0.0231, 0.0593, 0.0586, 0.0478, 0.0377, 0.0604, 0.0305, 0.0729,
        0.0495, 0.0412, 0.0505, 0.0476, 0.0457], grad_fn=<SelectBackward0>) tensor([-0.1186, -0.0678, -0.1035, -0.0858, -0.0828, -0.0987, -0.0877, -0.1081,
        -0.0875, -0.0998, -0.0654, -0.0871, -0.0949, -0.0912, -0.0855, -0.0632,
        -0.0771, -0.0954, -0.0912, -0.1105, -0.0771, -0.0807, -0.1036, -0.0924,
        -0.0950, -0.0820, -0.0851, -0.0859, -0.0670, -0.0796, -0.1124, -0.1159],
       grad_fn=<SelectBackward0>)
AUC: 0.7346900053738525
7.530818700790405
The time elapse of epoch 004 is: 00: 01: 02
tensor([0.0658, 0.0607, 0.0816, 0.0573, 0.1073, 0.0697, 0.0954, 0.0549, 0.0535,
        0.0821, 0.0639, 0.0843, 0.0667, 0.0592, 0.0634, 0.0518, 0.0841, 0.0504,
        0.0343, 0.0313, 0.0703, 0.0681, 0.0589, 0.0471, 0.0712, 0.0391, 0.0851,
        0.0603, 0.0507, 0.0612, 0.0571, 0.0559], grad_fn=<SelectBackward0>) tensor([-0.1412, -0.0864, -0.1246, -0.1075, -0.1042, -0.1209, -0.1072, -0.1289,
        -0.1079, -0.1208, -0.0850, -0.1070, -0.1141, -0.1116, -0.1066, -0.0831,
        -0.0978, -0.1162, -0.1124, -0.1318, -0.0978, -0.1004, -0.1250, -0.1141,
        -0.1166, -0.1029, -0.1054, -0.1079, -0.0864, -0.0997, -0.1338, -0.1375],
       grad_fn=<SelectBackward0>)
AUC: 0.734952013730764
7.43583083152771
The time elapse of epoch 005 is: 00: 01: 02
tensor([0.0718, 0.0667, 0.0893, 0.0635, 0.1148, 0.0763, 0.1038, 0.0610, 0.0598,
        0.0888, 0.0716, 0.0906, 0.0727, 0.0659, 0.0704, 0.0582, 0.0917, 0.0548,
        0.0390, 0.0359, 0.0773, 0.0735, 0.0656, 0.0532, 0.0782, 0.0439, 0.0933,
        0.0669, 0.0555, 0.0676, 0.0644, 0.0629], grad_fn=<SelectBackward0>) tensor([-0.1605, -0.1043, -0.1434, -0.1272, -0.1238, -0.1402, -0.1251, -0.1480,
        -0.1266, -0.1403, -0.1031, -0.1250, -0.1321, -0.1304, -0.1250, -0.1000,
        -0.1167, -0.1349, -0.1314, -0.1509, -0.1171, -0.1181, -0.1437, -0.1329,
        -0.1362, -0.1218, -0.1237, -0.1271, -0.1034, -0.1176, -0.1522, -0.1569],
       grad_fn=<SelectBackward0>)
AUC: 0.7353340600718882
7.4271252155303955
The time elapse of epoch 006 is: 00: 01: 05
tensor([0.0791, 0.0740, 0.0992, 0.0704, 0.1241, 0.0838, 0.1134, 0.0677, 0.0674,
        0.0969, 0.0796, 0.0987, 0.0797, 0.0735, 0.0779, 0.0658, 0.1007, 0.0612,
        0.0450, 0.0413, 0.0851, 0.0808, 0.0737, 0.0607, 0.0858, 0.0510, 0.1025,
        0.0746, 0.0620, 0.0745, 0.0718, 0.0701], grad_fn=<SelectBackward0>) tensor([-0.1776, -0.1190, -0.1599, -0.1449, -0.1405, -0.1570, -0.1401, -0.1650,
        -0.1414, -0.1567, -0.1179, -0.1401, -0.1471, -0.1460, -0.1402, -0.1147,
        -0.1328, -0.1506, -0.1467, -0.1672, -0.1332, -0.1327, -0.1597, -0.1487,
        -0.1528, -0.1380, -0.1391, -0.1436, -0.1182, -0.1332, -0.1683, -0.1741],
       grad_fn=<SelectBackward0>)
AUC: 0.7359672746646451
6.14211893081665
The time elapse of epoch 007 is: 00: 01: 02
tensor([0.0884, 0.0816, 0.1096, 0.0794, 0.1348, 0.0929, 0.1241, 0.0759, 0.0765,
        0.1063, 0.0880, 0.1090, 0.0884, 0.0822, 0.0869, 0.0749, 0.1105, 0.0694,
        0.0525, 0.0480, 0.0948, 0.0891, 0.0835, 0.0697, 0.0949, 0.0584, 0.1136,
        0.0832, 0.0702, 0.0834, 0.0811, 0.0790], grad_fn=<SelectBackward0>) tensor([-0.1940, -0.1337, -0.1764, -0.1618, -0.1572, -0.1735, -0.1551, -0.1814,
        -0.1576, -0.1729, -0.1334, -0.1553, -0.1623, -0.1627, -0.1557, -0.1294,
        -0.1489, -0.1667, -0.1627, -0.1843, -0.1490, -0.1482, -0.1760, -0.1652,
        -0.1697, -0.1541, -0.1551, -0.1600, -0.1327, -0.1482, -0.1850, -0.1906],
       grad_fn=<SelectBackward0>)
AUC: 0.7365585308807914
7.589020013809204
The time elapse of epoch 008 is: 00: 01: 02
tensor([0.0932, 0.0849, 0.1151, 0.0831, 0.1396, 0.0966, 0.1299, 0.0786, 0.0800,
        0.1105, 0.0917, 0.1134, 0.0917, 0.0857, 0.0909, 0.0784, 0.1153, 0.0711,
        0.0542, 0.0499, 0.0995, 0.0923, 0.0876, 0.0723, 0.0994, 0.0606, 0.1185,
        0.0862, 0.0727, 0.0866, 0.0855, 0.0823], grad_fn=<SelectBackward0>) tensor([-0.2100, -0.1477, -0.1917, -0.1775, -0.1727, -0.1893, -0.1692, -0.1964,
        -0.1727, -0.1881, -0.1476, -0.1695, -0.1766, -0.1777, -0.1706, -0.1426,
        -0.1637, -0.1811, -0.1775, -0.1995, -0.1634, -0.1632, -0.1918, -0.1806,
        -0.1857, -0.1694, -0.1698, -0.1761, -0.1461, -0.1630, -0.2006, -0.2063],
       grad_fn=<SelectBackward0>)
AUC: 0.7371818844230718
7.600238084793091
The time elapse of epoch 009 is: 00: 01: 14
tensor([0.0965, 0.0872, 0.1204, 0.0852, 0.1447, 0.0999, 0.1343, 0.0806, 0.0827,
        0.1139, 0.0948, 0.1173, 0.0949, 0.0885, 0.0942, 0.0808, 0.1194, 0.0734,
        0.0554, 0.0510, 0.1037, 0.0941, 0.0905, 0.0748, 0.1020, 0.0624, 0.1231,
        0.0894, 0.0743, 0.0894, 0.0880, 0.0852], grad_fn=<SelectBackward0>) tensor([-0.2254, -0.1611, -0.2064, -0.1927, -0.1873, -0.2044, -0.1825, -0.2113,
        -0.1868, -0.2026, -0.1605, -0.1831, -0.1905, -0.1918, -0.1845, -0.1553,
        -0.1781, -0.1952, -0.1917, -0.2143, -0.1772, -0.1766, -0.2066, -0.1949,
        -0.2015, -0.1838, -0.1835, -0.1913, -0.1587, -0.1766, -0.2150, -0.2215],
       grad_fn=<SelectBackward0>)
AUC: 0.737793962723678
7.222370862960815
The time elapse of epoch 010 is: 00: 01: 02
tensor([0.1046, 0.0944, 0.1298, 0.0933, 0.1543, 0.1081, 0.1439, 0.0878, 0.0901,
        0.1225, 0.1031, 0.1258, 0.1023, 0.0969, 0.1022, 0.0886, 0.1275, 0.0800,
        0.0616, 0.0565, 0.1126, 0.1011, 0.0993, 0.0820, 0.1105, 0.0692, 0.1327,
        0.0964, 0.0813, 0.0975, 0.0966, 0.0932], grad_fn=<SelectBackward0>) tensor([-0.2399, -0.1733, -0.2205, -0.2080, -0.2017, -0.2188, -0.1958, -0.2260,
        -0.2003, -0.2170, -0.1734, -0.1965, -0.2041, -0.2058, -0.1978, -0.1679,
        -0.1917, -0.2090, -0.2050, -0.2286, -0.1905, -0.1888, -0.2212, -0.2093,
        -0.2164, -0.1972, -0.1966, -0.2062, -0.1710, -0.1897, -0.2292, -0.2367],
       grad_fn=<SelectBackward0>)
AUC: 0.7382499676290235
8.7898530960083
The time elapse of epoch 011 is: 00: 01: 05
tensor([0.1066, 0.0961, 0.1331, 0.0954, 0.1577, 0.1099, 0.1479, 0.0892, 0.0917,
        0.1249, 0.1057, 0.1288, 0.1045, 0.0994, 0.1049, 0.0904, 0.1300, 0.0808,
        0.0625, 0.0571, 0.1153, 0.1028, 0.1020, 0.0840, 0.1130, 0.0697, 0.1373,
        0.0983, 0.0827, 0.0997, 0.0990, 0.0959], grad_fn=<SelectBackward0>) tensor([-0.2535, -0.1841, -0.2333, -0.2218, -0.2148, -0.2315, -0.2075, -0.2389,
        -0.2120, -0.2298, -0.1849, -0.2075, -0.2159, -0.2180, -0.2098, -0.1783,
        -0.2038, -0.2212, -0.2165, -0.2414, -0.2028, -0.2002, -0.2334, -0.2220,
        -0.2292, -0.2097, -0.2088, -0.2192, -0.1816, -0.2016, -0.2419, -0.2498],
       grad_fn=<SelectBackward0>)
AUC: 0.7387105100392333
3.784635305404663
The time elapse of epoch 012 is: 00: 00: 52
tensor([0.1084, 0.0978, 0.1365, 0.0973, 0.1612, 0.1110, 0.1524, 0.0904, 0.0932,
        0.1268, 0.1084, 0.1317, 0.1067, 0.1006, 0.1069, 0.0923, 0.1333, 0.0807,
        0.0628, 0.0567, 0.1175, 0.1039, 0.1054, 0.0851, 0.1151, 0.0691, 0.1410,
        0.1006, 0.0841, 0.1015, 0.1007, 0.0974], grad_fn=<SelectBackward0>) tensor([-0.2632, -0.1916, -0.2431, -0.2318, -0.2242, -0.2416, -0.2154, -0.2485,
        -0.2208, -0.2392, -0.1934, -0.2154, -0.2242, -0.2274, -0.2184, -0.1857,
        -0.2127, -0.2301, -0.2250, -0.2508, -0.2116, -0.2079, -0.2427, -0.2304,
        -0.2388, -0.2187, -0.2174, -0.2291, -0.1885, -0.2102, -0.2512, -0.2594],
       grad_fn=<SelectBackward0>)
AUC: 0.7389818756089542
3.7906994819641113
The time elapse of epoch 013 is: 00: 00: 45
tensor([0.1123, 0.1011, 0.1424, 0.1008, 0.1669, 0.1141, 0.1576, 0.0934, 0.0961,
        0.1308, 0.1119, 0.1356, 0.1098, 0.1041, 0.1102, 0.0954, 0.1376, 0.0839,
        0.0652, 0.0583, 0.1215, 0.1063, 0.1103, 0.0885, 0.1190, 0.0710, 0.1464,
        0.1035, 0.0867, 0.1048, 0.1048, 0.1010], grad_fn=<SelectBackward0>) tensor([-0.2740, -0.1998, -0.2530, -0.2430, -0.2346, -0.2531, -0.2240, -0.2583,
        -0.2303, -0.2493, -0.2014, -0.2235, -0.2332, -0.2368, -0.2283, -0.1929,
        -0.2229, -0.2396, -0.2346, -0.2606, -0.2211, -0.2163, -0.2530, -0.2401,
        -0.2496, -0.2288, -0.2270, -0.2396, -0.1953, -0.2190, -0.2613, -0.2705],
       grad_fn=<SelectBackward0>)
AUC: 0.7391909714867158
7.654883623123169
The time elapse of epoch 014 is: 00: 00: 58
tensor([0.1101, 0.0976, 0.1416, 0.0970, 0.1656, 0.1111, 0.1573, 0.0893, 0.0926,
        0.1286, 0.1091, 0.1330, 0.1069, 0.1013, 0.1073, 0.0916, 0.1354, 0.0798,
        0.0599, 0.0535, 0.1193, 0.1027, 0.1085, 0.0845, 0.1165, 0.0663, 0.1452,
        0.0999, 0.0833, 0.1018, 0.1027, 0.0978], grad_fn=<SelectBackward0>) tensor([-0.2870, -0.2110, -0.2655, -0.2559, -0.2475, -0.2656, -0.2350, -0.2701,
        -0.2412, -0.2623, -0.2125, -0.2341, -0.2444, -0.2481, -0.2403, -0.2028,
        -0.2347, -0.2511, -0.2464, -0.2728, -0.2329, -0.2271, -0.2646, -0.2517,
        -0.2628, -0.2408, -0.2380, -0.2527, -0.2050, -0.2309, -0.2740, -0.2837],
       grad_fn=<SelectBackward0>)
AUC: 0.7392811764659349
4.299536466598511
The time elapse of epoch 015 is: 00: 00: 47
tensor([0.1127, 0.0988, 0.1460, 0.0984, 0.1699, 0.1128, 0.1606, 0.0909, 0.0939,
        0.1306, 0.1106, 0.1354, 0.1094, 0.1030, 0.1094, 0.0934, 0.1377, 0.0808,
        0.0602, 0.0534, 0.1218, 0.1036, 0.1109, 0.0858, 0.1186, 0.0668, 0.1481,
        0.1022, 0.0848, 0.1035, 0.1052, 0.0995], grad_fn=<SelectBackward0>) tensor([-0.2971, -0.2187, -0.2749, -0.2662, -0.2573, -0.2752, -0.2432, -0.2798,
        -0.2500, -0.2724, -0.2203, -0.2427, -0.2527, -0.2576, -0.2488, -0.2098,
        -0.2439, -0.2603, -0.2552, -0.2830, -0.2412, -0.2352, -0.2741, -0.2609,
        -0.2734, -0.2506, -0.2466, -0.2633, -0.2115, -0.2393, -0.2834, -0.2947],
       grad_fn=<SelectBackward0>)
AUC: 0.7393798004286993
8.058998823165894
The time elapse of epoch 016 is: 00: 01: 03
tensor([0.1113, 0.0965, 0.1463, 0.0967, 0.1707, 0.1113, 0.1609, 0.0892, 0.0920,
        0.1294, 0.1101, 0.1344, 0.1078, 0.1021, 0.1079, 0.0913, 0.1369, 0.0777,
        0.0572, 0.0498, 0.1211, 0.1014, 0.1101, 0.0841, 0.1175, 0.0634, 0.1487,
        0.1007, 0.0831, 0.1019, 0.1036, 0.0977], grad_fn=<SelectBackward0>) tensor([-0.3068, -0.2258, -0.2841, -0.2759, -0.2667, -0.2850, -0.2510, -0.2885,
        -0.2579, -0.2818, -0.2282, -0.2497, -0.2603, -0.2664, -0.2576, -0.2165,
        -0.2521, -0.2687, -0.2630, -0.2913, -0.2496, -0.2423, -0.2829, -0.2699,
        -0.2830, -0.2589, -0.2541, -0.2731, -0.2181, -0.2473, -0.2933, -0.3048],
       grad_fn=<SelectBackward0>)
AUC: 0.7394236677749751
3.756774663925171
The time elapse of epoch 017 is: 00: 00: 52
tensor([0.1139, 0.0983, 0.1491, 0.0983, 0.1747, 0.1130, 0.1651, 0.0897, 0.0937,
        0.1318, 0.1113, 0.1369, 0.1088, 0.1047, 0.1105, 0.0925, 0.1396, 0.0788,
        0.0577, 0.0493, 0.1237, 0.1024, 0.1128, 0.0850, 0.1193, 0.0639, 0.1524,
        0.1024, 0.0846, 0.1036, 0.1054, 0.0998], grad_fn=<SelectBackward0>) tensor([-0.3167, -0.2319, -0.2941, -0.2863, -0.2766, -0.2951, -0.2579, -0.2987,
        -0.2661, -0.2911, -0.2356, -0.2564, -0.2680, -0.2747, -0.2661, -0.2225,
        -0.2612, -0.2770, -0.2710, -0.3006, -0.2582, -0.2495, -0.2921, -0.2787,
        -0.2928, -0.2684, -0.2620, -0.2834, -0.2242, -0.2550, -0.3021, -0.3155],
       grad_fn=<SelectBackward0>)
AUC: 0.7394451479667205
3.7888054847717285
The time elapse of epoch 018 is: 00: 00: 44
tensor([0.1149, 0.0980, 0.1510, 0.0982, 0.1760, 0.1127, 0.1668, 0.0897, 0.0928,
        0.1315, 0.1116, 0.1375, 0.1082, 0.1046, 0.1105, 0.0921, 0.1404, 0.0776,
        0.0564, 0.0473, 0.1246, 0.1020, 0.1141, 0.0844, 0.1193, 0.0627, 0.1538,
        0.1027, 0.0841, 0.1037, 0.1057, 0.1001], grad_fn=<SelectBackward0>) tensor([-0.3231, -0.2361, -0.3009, -0.2929, -0.2834, -0.3021, -0.2619, -0.3046,
        -0.2709, -0.2975, -0.2397, -0.2611, -0.2725, -0.2807, -0.2715, -0.2254,
        -0.2669, -0.2825, -0.2763, -0.3063, -0.2638, -0.2536, -0.2981, -0.2844,
        -0.3001, -0.2747, -0.2673, -0.2905, -0.2273, -0.2604, -0.3082, -0.3227],
       grad_fn=<SelectBackward0>)
AUC: 0.7393951890075208
7.775452613830566
The time elapse of epoch 019 is: 00: 00: 59
tensor([0.1148, 0.0963, 0.1513, 0.0969, 0.1770, 0.1108, 0.1674, 0.0878, 0.0915,
        0.1305, 0.1102, 0.1370, 0.1066, 0.1035, 0.1097, 0.0905, 0.1404, 0.0757,
        0.0530, 0.0439, 0.1245, 0.1009, 0.1143, 0.0828, 0.1187, 0.0600, 0.1545,
        0.1016, 0.0825, 0.1023, 0.1052, 0.0987], grad_fn=<SelectBackward0>) tensor([-0.3327, -0.2419, -0.3095, -0.3029, -0.2923, -0.3109, -0.2679, -0.3139,
        -0.2778, -0.3059, -0.2463, -0.2678, -0.2793, -0.2887, -0.2791, -0.2303,
        -0.2750, -0.2902, -0.2832, -0.3145, -0.2716, -0.2592, -0.3057, -0.2927,
        -0.3097, -0.2832, -0.2741, -0.3005, -0.2315, -0.2665, -0.3165, -0.3328],
       grad_fn=<SelectBackward0>)
AUC: 0.7394012000490722
3.751560926437378
The time elapse of epoch 020 is: 00: 00: 51