C:\Users\10922\.conda\envs\python38\python.exe C:/Users/10922/Desktop/pdfs/AIC/project/BPR_MF3/main.py 
tensor([ 0.0035, -0.0020,  0.0120, -0.0171, -0.0187, -0.0027, -0.0060,  0.0146,
         0.0256, -0.0007, -0.0239, -0.0009, -0.0146,  0.0241, -0.0069,  0.0119,
         0.0152, -0.0086,  0.0201, -0.0107,  0.0057, -0.0107, -0.0199, -0.0067,
        -0.0239, -0.0156, -0.0149, -0.0029, -0.0047,  0.0164,  0.0217,  0.0003],
       grad_fn=<SelectBackward0>) tensor([ 0.0091,  0.0015,  0.0015,  0.0035, -0.0242,  0.0072,  0.0326,  0.0148,
         0.0102, -0.0045,  0.0145, -0.0023, -0.0009,  0.0140,  0.0170,  0.0098,
        -0.0141, -0.0053,  0.0286, -0.0045, -0.0031,  0.0065,  0.0118,  0.0016,
         0.0018, -0.0084,  0.0092, -0.0084,  0.0125,  0.0147,  0.0159,  0.0153],
       grad_fn=<SelectBackward0>)
AUC: 0.597124389187391
4.239087820053101
The time elapse of epoch 000 is: 00: 00: 50
tensor([-0.0157, -0.0137,  0.0109, -0.0506, -0.0114, -0.0344, -0.0451,  0.0361,
         0.0301,  0.0048, -0.0484,  0.0044, -0.0290,  0.0236, -0.0363,  0.0452,
         0.0436,  0.0130,  0.0548, -0.0256,  0.0304, -0.0535, -0.0251, -0.0361,
        -0.0582, -0.0412, -0.0344, -0.0030, -0.0061,  0.0082,  0.0508, -0.0178],
       grad_fn=<SelectBackward0>) tensor([ 3.1950e-02, -2.1677e-03,  1.7193e-02,  4.0478e-02, -5.9910e-02,
         5.3069e-02,  9.2824e-02,  2.1322e-02,  1.8915e-02, -1.6896e-02,
         3.9932e-02, -3.9157e-02,  6.6207e-05,  3.6059e-02,  3.8065e-02,
         8.1083e-03, -5.2086e-02, -2.4898e-02,  1.8670e-02,  2.6946e-02,
        -3.9299e-02,  4.9619e-02, -8.7968e-03,  4.4701e-02,  4.3120e-02,
         2.1531e-02,  1.1572e-02,  2.4983e-02,  4.7128e-02,  3.1627e-02,
         2.5616e-04,  4.4923e-02], grad_fn=<SelectBackward0>)
AUC: 0.7190125594383681
4.346273899078369
The time elapse of epoch 001 is: 00: 00: 51
tensor([-0.0411, -0.0107,  0.0004, -0.0881,  0.0059, -0.0636, -0.0784,  0.0268,
         0.0177,  0.0213, -0.0724,  0.0334, -0.0540, -0.0044, -0.0784,  0.0800,
         0.0763,  0.0359,  0.0922, -0.0526,  0.0603, -0.0851, -0.0298, -0.0675,
        -0.0874, -0.0744, -0.0703, -0.0320, -0.0352, -0.0154,  0.0916, -0.0534],
       grad_fn=<SelectBackward0>) tensor([ 0.0859, -0.0213,  0.0676,  0.1075, -0.1210,  0.1224,  0.1665,  0.0465,
         0.0626, -0.0258,  0.0853, -0.1015,  0.0290,  0.0914,  0.0833, -0.0353,
        -0.1186, -0.0643, -0.0392,  0.0996, -0.1066,  0.1111, -0.0611,  0.1118,
         0.1121,  0.0771,  0.0483,  0.0918,  0.1102,  0.0897, -0.0611,  0.1063],
       grad_fn=<SelectBackward0>)
AUC: 0.7264163138893135
3.7379343509674072
The time elapse of epoch 002 is: 00: 00: 45
tensor([-0.0561, -0.0111, -0.0166, -0.1169,  0.0150, -0.0794, -0.1020,  0.0195,
        -0.0006,  0.0299, -0.0959,  0.0539, -0.0671, -0.0109, -0.1198,  0.1051,
         0.0995,  0.0611,  0.1183, -0.0742,  0.0780, -0.1094, -0.0208, -0.0880,
        -0.1106, -0.0964, -0.1012, -0.0470, -0.0516, -0.0293,  0.1179, -0.0738],
       grad_fn=<SelectBackward0>) tensor([ 0.1423, -0.0579,  0.1183,  0.1659, -0.1842,  0.1807,  0.2285,  0.0828,
         0.1118, -0.0345,  0.1306, -0.1626,  0.0696,  0.1474,  0.1408, -0.0866,
        -0.1822, -0.1164, -0.0969,  0.1606, -0.1676,  0.1673, -0.1224,  0.1705,
         0.1687,  0.1294,  0.0991,  0.1505,  0.1670,  0.1365, -0.1140,  0.1659],
       grad_fn=<SelectBackward0>)
AUC: 0.7309521514754858
3.80041241645813
The time elapse of epoch 003 is: 00: 00: 44
tensor([-0.0721,  0.0048, -0.0219, -0.1384,  0.0163, -0.0871, -0.1178,  0.0234,
        -0.0065,  0.0346, -0.1132,  0.0602, -0.0765, -0.0142, -0.1491,  0.1225,
         0.1147,  0.0779,  0.1388, -0.0789,  0.0887, -0.1224, -0.0223, -0.0997,
        -0.1234, -0.1062, -0.1078, -0.0554, -0.0592, -0.0416,  0.1323, -0.0887],
       grad_fn=<SelectBackward0>) tensor([ 0.1930, -0.0889,  0.1516,  0.2131, -0.2280,  0.2277,  0.2811,  0.1130,
         0.1465, -0.0482,  0.1708, -0.2151,  0.1002,  0.1939,  0.1821, -0.1257,
        -0.2374, -0.1598, -0.1373,  0.2096, -0.2146,  0.2083, -0.1689,  0.2178,
         0.2135,  0.1697,  0.1304,  0.1936,  0.2162,  0.1774, -0.1562,  0.2175],
       grad_fn=<SelectBackward0>)
AUC: 0.7354902069987749
4.016404151916504
The time elapse of epoch 004 is: 00: 00: 47
tensor([-0.0757,  0.0228, -0.0139, -0.1445,  0.0071, -0.0837, -0.1247,  0.0320,
        -0.0005,  0.0360, -0.1254,  0.0599, -0.0715, -0.0087, -0.1654,  0.1276,
         0.1237,  0.0951,  0.1478, -0.0764,  0.0884, -0.1261, -0.0271, -0.0980,
        -0.1279, -0.1094, -0.1048, -0.0524, -0.0503, -0.0396,  0.1357, -0.0942],
       grad_fn=<SelectBackward0>) tensor([ 0.2362, -0.1244,  0.1753,  0.2526, -0.2636,  0.2691,  0.3293,  0.1363,
         0.1809, -0.0584,  0.2105, -0.2568,  0.1243,  0.2304,  0.2221, -0.1520,
        -0.2844, -0.2007, -0.1713,  0.2568, -0.2575,  0.2437, -0.2139,  0.2596,
         0.2545,  0.2050,  0.1441,  0.2320,  0.2605,  0.2092, -0.1916,  0.2578],
       grad_fn=<SelectBackward0>)
AUC: 0.7393365777367074
8.671916246414185
The time elapse of epoch 005 is: 00: 01: 01
tensor([-0.0761,  0.0321, -0.0167, -0.1564,  0.0003, -0.0834, -0.1313,  0.0389,
         0.0009,  0.0357, -0.1364,  0.0576, -0.0751, -0.0014, -0.1871,  0.1288,
         0.1297,  0.1080,  0.1610, -0.0787,  0.0915, -0.1341, -0.0317, -0.1007,
        -0.1311, -0.1103, -0.1066, -0.0503, -0.0469, -0.0443,  0.1416, -0.1005],
       grad_fn=<SelectBackward0>) tensor([ 0.2761, -0.1702,  0.1890,  0.2850, -0.2910,  0.3037,  0.3718,  0.1445,
         0.1991, -0.0672,  0.2427, -0.2921,  0.1471,  0.2603,  0.2452, -0.1681,
        -0.3257, -0.2389, -0.1951,  0.2996, -0.2997,  0.2687, -0.2460,  0.2958,
         0.2875,  0.2336,  0.1556,  0.2643,  0.2929,  0.2318, -0.2199,  0.2857],
       grad_fn=<SelectBackward0>)
AUC: 0.7424973290010424
4.283247709274292
The time elapse of epoch 006 is: 00: 00: 58
tensor([-0.0885,  0.0535, -0.0266, -0.1745, -0.0002, -0.0900, -0.1432,  0.0408,
        -0.0088,  0.0388, -0.1481,  0.0666, -0.0936, -0.0019, -0.2116,  0.1389,
         0.1481,  0.1317,  0.1801, -0.0849,  0.1025, -0.1462, -0.0278, -0.1082,
        -0.1427, -0.1223, -0.1145, -0.0543, -0.0498, -0.0501,  0.1560, -0.1099],
       grad_fn=<SelectBackward0>) tensor([ 0.3051, -0.2044,  0.1906,  0.3061, -0.3081,  0.3274,  0.4084,  0.1427,
         0.2132, -0.0739,  0.2664, -0.3215,  0.1556,  0.2843,  0.2616, -0.1749,
        -0.3537, -0.2684, -0.2061,  0.3247, -0.3257,  0.2830, -0.2662,  0.3153,
         0.3060,  0.2449,  0.1544,  0.2827,  0.3138,  0.2431, -0.2322,  0.3073],
       grad_fn=<SelectBackward0>)
AUC: 0.7452942023203712
7.434196472167969
The time elapse of epoch 007 is: 00: 00: 53
tensor([-0.0867,  0.0561, -0.0159, -0.1742, -0.0192, -0.0809, -0.1415,  0.0527,
        -0.0088,  0.0482, -0.1547,  0.0621, -0.0888,  0.0074, -0.2156,  0.1371,
         0.1473,  0.1325,  0.1810, -0.0696,  0.0937, -0.1414, -0.0382, -0.1008,
        -0.1378, -0.1182, -0.1100, -0.0449, -0.0396, -0.0431,  0.1492, -0.1041],
       grad_fn=<SelectBackward0>) tensor([ 0.3189, -0.2421,  0.1878,  0.3185, -0.3137,  0.3414,  0.4355,  0.1374,
         0.2205, -0.0791,  0.2754, -0.3423,  0.1592,  0.2943,  0.2785, -0.1756,
        -0.3763, -0.2922, -0.2161,  0.3514, -0.3462,  0.2915, -0.2844,  0.3314,
         0.3204,  0.2500,  0.1412,  0.2945,  0.3276,  0.2467, -0.2388,  0.3209],
       grad_fn=<SelectBackward0>)
AUC: 0.7481683725639735
8.789093017578125
The time elapse of epoch 008 is: 00: 01: 06
tensor([-0.0923,  0.0613, -0.0167, -0.1855, -0.0257, -0.0833, -0.1542,  0.0555,
        -0.0151,  0.0463, -0.1721,  0.0668, -0.0903,  0.0081, -0.2398,  0.1426,
         0.1559,  0.1382,  0.1901, -0.0680,  0.0996, -0.1508, -0.0476, -0.1055,
        -0.1465, -0.1218, -0.1136, -0.0412, -0.0366, -0.0460,  0.1591, -0.1172],
       grad_fn=<SelectBackward0>) tensor([ 0.3297, -0.2604,  0.1863,  0.3327, -0.3204,  0.3562,  0.4608,  0.1290,
         0.2354, -0.0888,  0.2756, -0.3651,  0.1616,  0.3024,  0.2913, -0.1699,
        -0.3953, -0.3124, -0.2310,  0.3786, -0.3587,  0.2953, -0.2932,  0.3462,
         0.3333,  0.2550,  0.1364,  0.3018,  0.3420,  0.2490, -0.2470,  0.3368],
       grad_fn=<SelectBackward0>)
AUC: 0.7508455655299441
8.002169370651245
The time elapse of epoch 009 is: 00: 01: 03
tensor([-0.0987,  0.0691, -0.0181, -0.1881, -0.0360, -0.0826, -0.1594,  0.0674,
        -0.0127,  0.0679, -0.1776,  0.0689, -0.0956,  0.0128, -0.2637,  0.1450,
         0.1640,  0.1442,  0.1952, -0.0596,  0.1029, -0.1564, -0.0530, -0.1065,
        -0.1503, -0.1282, -0.1143, -0.0401, -0.0352, -0.0433,  0.1683, -0.1248],
       grad_fn=<SelectBackward0>) tensor([ 0.3559, -0.2864,  0.1866,  0.3479, -0.3302,  0.3755,  0.4886,  0.1315,
         0.2455, -0.0931,  0.2839, -0.3863,  0.1671,  0.3178,  0.2956, -0.1703,
        -0.4235, -0.3322, -0.2301,  0.3961, -0.3784,  0.3045, -0.3043,  0.3645,
         0.3461,  0.2594,  0.1333,  0.3157,  0.3611,  0.2555, -0.2527,  0.3544],
       grad_fn=<SelectBackward0>)
AUC: 0.7535064891721598
7.923828840255737
The time elapse of epoch 010 is: 00: 00: 56
tensor([-0.1068,  0.0785, -0.0189, -0.2035, -0.0387, -0.0839, -0.1712,  0.0756,
        -0.0289,  0.0802, -0.1861,  0.0757, -0.1135,  0.0144, -0.2927,  0.1506,
         0.1765,  0.1589,  0.2137, -0.0618,  0.1076, -0.1666, -0.0591, -0.1132,
        -0.1613, -0.1323, -0.1138, -0.0421, -0.0315, -0.0460,  0.1799, -0.1350],
       grad_fn=<SelectBackward0>) tensor([ 0.3718, -0.3072,  0.1796,  0.3595, -0.3352,  0.3928,  0.5179,  0.1301,
         0.2477, -0.1052,  0.2970, -0.4062,  0.1698,  0.3312,  0.3005, -0.1676,
        -0.4466, -0.3486, -0.2444,  0.4189, -0.3994,  0.3062, -0.3164,  0.3831,
         0.3639,  0.2660,  0.1201,  0.3310,  0.3750,  0.2618, -0.2631,  0.3674],
       grad_fn=<SelectBackward0>)
AUC: 0.7560993643575524
8.225703477859497
The time elapse of epoch 011 is: 00: 01: 04
tensor([-0.1055,  0.0982, -0.0170, -0.2032, -0.0515, -0.0796, -0.1765,  0.0883,
        -0.0310,  0.0932, -0.1845,  0.0760, -0.1152,  0.0189, -0.3129,  0.1482,
         0.1870,  0.1668,  0.2168, -0.0545,  0.1095, -0.1704, -0.0645, -0.1099,
        -0.1604, -0.1336, -0.1080, -0.0387, -0.0244, -0.0361,  0.1821, -0.1399],
       grad_fn=<SelectBackward0>) tensor([ 0.3923, -0.3360,  0.1725,  0.3794, -0.3456,  0.4179,  0.5567,  0.1237,
         0.2595, -0.1121,  0.2974, -0.4349,  0.1748,  0.3429,  0.3210, -0.1642,
        -0.4819, -0.3686, -0.2580,  0.4526, -0.4209,  0.3164, -0.3351,  0.4065,
         0.3882,  0.2730,  0.1118,  0.3472,  0.4027,  0.2715, -0.2701,  0.3864],
       grad_fn=<SelectBackward0>)
AUC: 0.7586743674810549
8.916731595993042
The time elapse of epoch 012 is: 00: 01: 04
tensor([-0.1109,  0.1246, -0.0208, -0.2073, -0.0617, -0.0810, -0.1831,  0.0963,
        -0.0274,  0.1089, -0.1887,  0.0844, -0.1154,  0.0216, -0.3367,  0.1480,
         0.2027,  0.1772,  0.2232, -0.0484,  0.1166, -0.1774, -0.0679, -0.1151,
        -0.1648, -0.1363, -0.1077, -0.0442, -0.0321, -0.0366,  0.1866, -0.1459],
       grad_fn=<SelectBackward0>) tensor([ 0.4021, -0.3499,  0.1676,  0.3935, -0.3524,  0.4366,  0.5854,  0.1261,
         0.2594, -0.1133,  0.3051, -0.4555,  0.1785,  0.3481,  0.3276, -0.1665,
        -0.5081, -0.3850, -0.2724,  0.4831, -0.4473,  0.3281, -0.3443,  0.4246,
         0.4087,  0.2799,  0.1057,  0.3597,  0.4225,  0.2784, -0.2787,  0.4010],
       grad_fn=<SelectBackward0>)
AUC: 0.7611512507877088
8.118995666503906
The time elapse of epoch 013 is: 00: 00: 57
tensor([-0.1237,  0.1347, -0.0244, -0.2235, -0.0689, -0.0865, -0.1981,  0.0947,
        -0.0286,  0.1201, -0.2024,  0.0920, -0.1235,  0.0274, -0.3644,  0.1594,
         0.2208,  0.1961,  0.2357, -0.0429,  0.1270, -0.1950, -0.0675, -0.1241,
        -0.1754, -0.1399, -0.1111, -0.0494, -0.0311, -0.0437,  0.1904, -0.1574],
       grad_fn=<SelectBackward0>) tensor([ 0.4130, -0.3696,  0.1543,  0.3966, -0.3561,  0.4510,  0.6116,  0.1141,
         0.2584, -0.1222,  0.3000, -0.4774,  0.1818,  0.3573,  0.3207, -0.1620,
        -0.5335, -0.3945, -0.2781,  0.5031, -0.4664,  0.3283, -0.3562,  0.4393,
         0.4222,  0.2856,  0.0908,  0.3678,  0.4396,  0.2731, -0.2783,  0.4139],
       grad_fn=<SelectBackward0>)
AUC: 0.7635521325236778
3.879051923751831
The time elapse of epoch 014 is: 00: 00: 52
tensor([-0.1263,  0.1434, -0.0189, -0.2272, -0.0870, -0.0819, -0.2027,  0.0966,
        -0.0205,  0.1363, -0.2024,  0.0912, -0.1174,  0.0355, -0.3963,  0.1566,
         0.2263,  0.2141,  0.2338, -0.0300,  0.1303, -0.2016, -0.0806, -0.1201,
        -0.1696, -0.1407, -0.1031, -0.0485, -0.0254, -0.0440,  0.1926, -0.1597],
       grad_fn=<SelectBackward0>) tensor([ 0.4240, -0.3895,  0.1427,  0.4037, -0.3578,  0.4664,  0.6404,  0.1091,
         0.2609, -0.1323,  0.2957, -0.4964,  0.1814,  0.3645,  0.3265, -0.1540,
        -0.5578, -0.4045, -0.2844,  0.5305, -0.4828,  0.3320, -0.3635,  0.4549,
         0.4373,  0.2897,  0.0787,  0.3773,  0.4578,  0.2709, -0.2849,  0.4292],
       grad_fn=<SelectBackward0>)
AUC: 0.7656173903950064
7.4790544509887695
The time elapse of epoch 015 is: 00: 00: 57
tensor([-0.1263,  0.1572, -0.0145, -0.2395, -0.1035, -0.0760, -0.2063,  0.1069,
        -0.0192,  0.1426, -0.2126,  0.0800, -0.1111,  0.0516, -0.4211,  0.1563,
         0.2319,  0.2289,  0.2402, -0.0201,  0.1281, -0.2118, -0.0787, -0.1149,
        -0.1682, -0.1338, -0.0956, -0.0389, -0.0099, -0.0345,  0.1981, -0.1579],
       grad_fn=<SelectBackward0>) tensor([ 0.4275, -0.4013,  0.1293,  0.4004, -0.3590,  0.4789,  0.6662,  0.0988,
         0.2556, -0.1475,  0.2854, -0.5185,  0.1813,  0.3673,  0.3373, -0.1442,
        -0.5767, -0.4049, -0.2955,  0.5611, -0.4943,  0.3261, -0.3643,  0.4690,
         0.4505,  0.2968,  0.0680,  0.3795,  0.4734,  0.2666, -0.2894,  0.4380],
       grad_fn=<SelectBackward0>)
AUC: 0.7675642865418865
8.954159498214722
The time elapse of epoch 016 is: 00: 01: 05
tensor([-0.1371,  0.1672, -0.0135, -0.2564, -0.1148, -0.0783, -0.2214,  0.1011,
        -0.0189,  0.1507, -0.2275,  0.0840, -0.1202,  0.0594, -0.4450,  0.1660,
         0.2447,  0.2395,  0.2396, -0.0144,  0.1319, -0.2230, -0.0831, -0.1171,
        -0.1742, -0.1361, -0.0971, -0.0416, -0.0127, -0.0370,  0.2021, -0.1732],
       grad_fn=<SelectBackward0>) tensor([ 0.4184, -0.4135,  0.1054,  0.3988, -0.3504,  0.4853,  0.6867,  0.0835,
         0.2540, -0.1510,  0.2851, -0.5316,  0.1687,  0.3663,  0.3379, -0.1299,
        -0.5910, -0.4127, -0.2921,  0.5720, -0.5053,  0.3136, -0.3637,  0.4805,
         0.4533,  0.2883,  0.0464,  0.3806,  0.4803,  0.2593, -0.2845,  0.4402],
       grad_fn=<SelectBackward0>)
AUC: 0.7694394742228966
8.41963791847229
The time elapse of epoch 017 is: 00: 01: 05
tensor([-0.1416,  0.1752, -0.0040, -0.2654, -0.1337, -0.0666, -0.2267,  0.1108,
        -0.0153,  0.1562, -0.2286,  0.0819, -0.1138,  0.0736, -0.4703,  0.1601,
         0.2515,  0.2568,  0.2349, -0.0007,  0.1293, -0.2253, -0.0868, -0.1104,
        -0.1693, -0.1277, -0.0797, -0.0368,  0.0019, -0.0257,  0.1944, -0.1802],
       grad_fn=<SelectBackward0>) tensor([ 0.4295, -0.4208,  0.0941,  0.4089, -0.3540,  0.5046,  0.7105,  0.0799,
         0.2563, -0.1603,  0.2792, -0.5592,  0.1711,  0.3776,  0.3519, -0.1233,
        -0.6165, -0.4176, -0.3044,  0.5957, -0.5158,  0.3121, -0.3633,  0.5008,
         0.4703,  0.2963,  0.0382,  0.3886,  0.4993,  0.2594, -0.2968,  0.4548],
       grad_fn=<SelectBackward0>)
AUC: 0.7710780969384783
7.853026628494263
The time elapse of epoch 018 is: 00: 01: 01
tensor([-0.1521,  0.1936, -0.0071, -0.2728, -0.1450, -0.0678, -0.2400,  0.1143,
        -0.0262,  0.1715, -0.2294,  0.0876, -0.1213,  0.0725, -0.5021,  0.1613,
         0.2668,  0.2757,  0.2433,  0.0065,  0.1328, -0.2386, -0.0921, -0.1113,
        -0.1724, -0.1304, -0.0747, -0.0353,  0.0080, -0.0222,  0.2065, -0.1872],
       grad_fn=<SelectBackward0>) tensor([ 0.4379, -0.4298,  0.0718,  0.4093, -0.3515,  0.5144,  0.7347,  0.0627,
         0.2506, -0.1650,  0.2758, -0.5750,  0.1703,  0.3748,  0.3551, -0.1083,
        -0.6336, -0.4260, -0.3108,  0.6167, -0.5249,  0.3050, -0.3618,  0.5130,
         0.4833,  0.2980,  0.0268,  0.3885,  0.5098,  0.2572, -0.2982,  0.4578],
       grad_fn=<SelectBackward0>)
AUC: 0.7725574477089687
7.994491815567017
The time elapse of epoch 019 is: 00: 01: 03
tensor([-0.1630,  0.2045, -0.0098, -0.2891, -0.1549, -0.0680, -0.2474,  0.1210,
        -0.0299,  0.1845, -0.2340,  0.0933, -0.1285,  0.0773, -0.5306,  0.1658,
         0.2796,  0.2920,  0.2556,  0.0096,  0.1407, -0.2477, -0.1027, -0.1125,
        -0.1799, -0.1355, -0.0687, -0.0326,  0.0120, -0.0218,  0.2119, -0.1962],
       grad_fn=<SelectBackward0>) tensor([ 0.4444, -0.4509,  0.0549,  0.4104, -0.3477,  0.5219,  0.7606,  0.0462,
         0.2489, -0.1692,  0.2735, -0.5905,  0.1628,  0.3778,  0.3535, -0.1042,
        -0.6558, -0.4393, -0.3171,  0.6433, -0.5435,  0.3015, -0.3727,  0.5311,
         0.4993,  0.2955,  0.0145,  0.3982,  0.5280,  0.2470, -0.2952,  0.4722],
       grad_fn=<SelectBackward0>)
AUC: 0.7738325465663628
8.489013195037842
The time elapse of epoch 020 is: 00: 01: 04
tensor([-0.1729,  0.2207, -0.0073, -0.2968, -0.1624, -0.0711, -0.2524,  0.1338,
        -0.0293,  0.1943, -0.2449,  0.0954, -0.1332,  0.0852, -0.5506,  0.1652,
         0.2896,  0.3009,  0.2502,  0.0236,  0.1407, -0.2657, -0.1091, -0.1195,
        -0.1836, -0.1331, -0.0591, -0.0319,  0.0159, -0.0208,  0.2173, -0.2169],
       grad_fn=<SelectBackward0>) tensor([ 0.4506, -0.4640,  0.0327,  0.4115, -0.3485,  0.5379,  0.7890,  0.0426,
         0.2452, -0.1750,  0.2657, -0.6098,  0.1610,  0.3788,  0.3616, -0.0953,
        -0.6832, -0.4488, -0.3221,  0.6729, -0.5579,  0.2977, -0.3741,  0.5480,
         0.5143,  0.2966,  0.0024,  0.4026,  0.5473,  0.2360, -0.2931,  0.4869],
       grad_fn=<SelectBackward0>)
AUC: 0.7749253523669344
7.930201292037964
The time elapse of epoch 021 is: 00: 01: 15
tensor([-0.1778,  0.2280,  0.0042, -0.2995, -0.1911, -0.0612, -0.2558,  0.1499,
        -0.0316,  0.2153, -0.2603,  0.0966, -0.1377,  0.0963, -0.5626,  0.1524,
         0.2959,  0.2982,  0.2518,  0.0393,  0.1356, -0.2774, -0.1243, -0.1258,
        -0.1804, -0.1323, -0.0443, -0.0236,  0.0316, -0.0140,  0.2200, -0.2265],
       grad_fn=<SelectBackward0>) tensor([ 0.4533, -0.4787,  0.0135,  0.4063, -0.3448,  0.5490,  0.8136,  0.0341,
         0.2478, -0.1827,  0.2539, -0.6253,  0.1546,  0.3772,  0.3546, -0.0823,
        -0.7039, -0.4569, -0.3248,  0.6950, -0.5667,  0.2907, -0.3765,  0.5581,
         0.5226,  0.2876, -0.0120,  0.4074,  0.5594,  0.2262, -0.2906,  0.4939],
       grad_fn=<SelectBackward0>)
AUC: 0.7758912275053857
4.044577360153198
The time elapse of epoch 022 is: 00: 00: 59
tensor([-0.1802,  0.2399,  0.0116, -0.2979, -0.2127, -0.0532, -0.2616,  0.1634,
        -0.0264,  0.2271, -0.2623,  0.0956, -0.1420,  0.1132, -0.5775,  0.1480,
         0.3005,  0.3041,  0.2459,  0.0534,  0.1361, -0.2797, -0.1376, -0.1234,
        -0.1784, -0.1230, -0.0318, -0.0191,  0.0409, -0.0061,  0.2177, -0.2387],
       grad_fn=<SelectBackward0>) tensor([ 0.4579, -0.4960, -0.0056,  0.4090, -0.3384,  0.5595,  0.8423,  0.0195,
         0.2433, -0.1882,  0.2455, -0.6399,  0.1488,  0.3790,  0.3551, -0.0712,
        -0.7293, -0.4649, -0.3270,  0.7185, -0.5829,  0.2852, -0.3863,  0.5788,
         0.5314,  0.2854, -0.0262,  0.4148,  0.5763,  0.2152, -0.2941,  0.5050],
       grad_fn=<SelectBackward0>)
AUC: 0.7767370178640468
8.320714235305786
The time elapse of epoch 023 is: 00: 01: 06
tensor([-0.1837,  0.2503,  0.0265, -0.2988, -0.2339, -0.0520, -0.2664,  0.1745,
        -0.0368,  0.2430, -0.2614,  0.1002, -0.1492,  0.1227, -0.6028,  0.1356,
         0.3076,  0.3116,  0.2421,  0.0699,  0.1390, -0.2869, -0.1520, -0.1204,
        -0.1755, -0.1193, -0.0176, -0.0162,  0.0522,  0.0045,  0.2179, -0.2427],
       grad_fn=<SelectBackward0>) tensor([ 0.4505, -0.5079, -0.0327,  0.4026, -0.3285,  0.5632,  0.8637,  0.0024,
         0.2361, -0.2061,  0.2336, -0.6468,  0.1433,  0.3725,  0.3520, -0.0508,
        -0.7481, -0.4641, -0.3302,  0.7360, -0.5804,  0.2716, -0.3802,  0.5879,
         0.5345,  0.2756, -0.0473,  0.4103,  0.5844,  0.2000, -0.2885,  0.5079],
       grad_fn=<SelectBackward0>)
AUC: 0.7773989146188186
5.048993825912476
The time elapse of epoch 024 is: 00: 01: 03
tensor([-0.1836,  0.2588,  0.0208, -0.3081, -0.2509, -0.0471, -0.2717,  0.1818,
        -0.0392,  0.2583, -0.2614,  0.1005, -0.1472,  0.1327, -0.6270,  0.1276,
         0.3200,  0.3134,  0.2464,  0.0864,  0.1362, -0.3025, -0.1675, -0.1211,
        -0.1684, -0.1157, -0.0107, -0.0104,  0.0639,  0.0085,  0.2187, -0.2546],
       grad_fn=<SelectBackward0>) tensor([ 0.4491, -0.5189, -0.0526,  0.3930, -0.3180,  0.5651,  0.8833, -0.0095,
         0.2279, -0.2130,  0.2274, -0.6566,  0.1415,  0.3688,  0.3377, -0.0398,
        -0.7629, -0.4705, -0.3316,  0.7459, -0.5862,  0.2621, -0.3780,  0.6016,
         0.5350,  0.2681, -0.0613,  0.4140,  0.5893,  0.1926, -0.2851,  0.5097],
       grad_fn=<SelectBackward0>)
AUC: 0.777888174309805
3.8884711265563965
The time elapse of epoch 025 is: 00: 00: 46
tensor([-0.1897,  0.2651,  0.0177, -0.3199, -0.2607, -0.0445, -0.2816,  0.1971,
        -0.0337,  0.2579, -0.2718,  0.1038, -0.1409,  0.1483, -0.6508,  0.1351,
         0.3335,  0.3301,  0.2515,  0.0927,  0.1433, -0.3173, -0.1770, -0.1237,
        -0.1693, -0.1078, -0.0078, -0.0048,  0.0739,  0.0077,  0.2163, -0.2696],
       grad_fn=<SelectBackward0>) tensor([ 0.4473, -0.5212, -0.0699,  0.3922, -0.3123,  0.5760,  0.9066, -0.0225,
         0.2242, -0.2196,  0.2271, -0.6749,  0.1416,  0.3664,  0.3371, -0.0282,
        -0.7777, -0.4738, -0.3444,  0.7687, -0.5977,  0.2475, -0.3720,  0.6156,
         0.5440,  0.2700, -0.0721,  0.4105,  0.6019,  0.1875, -0.2856,  0.5150],
       grad_fn=<SelectBackward0>)
AUC: 0.7783112488894028
3.9303934574127197
The time elapse of epoch 026 is: 00: 00: 44
tensor([-0.1903,  0.2675,  0.0239, -0.3177, -0.2890, -0.0312, -0.2830,  0.2146,
        -0.0246,  0.2736, -0.2738,  0.1038, -0.1391,  0.1536, -0.6659,  0.1197,
         0.3511,  0.3311,  0.2406,  0.1219,  0.1314, -0.3224, -0.1865, -0.1144,
        -0.1586, -0.0970,  0.0041, -0.0026,  0.0899,  0.0248,  0.2213, -0.2804],
       grad_fn=<SelectBackward0>) tensor([ 0.4494, -0.5300, -0.0863,  0.3924, -0.3033,  0.5816,  0.9237, -0.0352,
         0.2199, -0.2226,  0.2251, -0.6882,  0.1408,  0.3680,  0.3370, -0.0145,
        -0.7942, -0.4802, -0.3421,  0.7811, -0.6005,  0.2343, -0.3686,  0.6245,
         0.5453,  0.2665, -0.0849,  0.4087,  0.6125,  0.1782, -0.2823,  0.5193],
       grad_fn=<SelectBackward0>)
AUC: 0.7786737205860468
4.347886800765991
The time elapse of epoch 027 is: 00: 00: 44
tensor([-0.1841,  0.2709,  0.0230, -0.3255, -0.3022, -0.0261, -0.2901,  0.2228,
        -0.0240,  0.2875, -0.2750,  0.1098, -0.1350,  0.1598, -0.6899,  0.1129,
         0.3576,  0.3358,  0.2423,  0.1314,  0.1347, -0.3331, -0.1889, -0.1230,
        -0.1545, -0.0899,  0.0127,  0.0038,  0.0943,  0.0198,  0.2292, -0.2867],
       grad_fn=<SelectBackward0>) tensor([ 4.5179e-01, -5.4131e-01, -1.0410e-01,  3.8724e-01, -3.0050e-01,
         5.8756e-01,  9.4506e-01, -4.2283e-02,  2.1537e-01, -2.2816e-01,
         2.1588e-01, -7.0318e-01,  1.3670e-01,  3.7333e-01,  3.3039e-01,
        -7.1549e-04, -8.1429e-01, -4.8021e-01, -3.3919e-01,  7.8980e-01,
        -6.0393e-01,  2.2384e-01, -3.6696e-01,  6.3847e-01,  5.4140e-01,
         2.6351e-01, -9.9142e-02,  4.0945e-01,  6.2577e-01,  1.7551e-01,
        -2.7848e-01,  5.3035e-01], grad_fn=<SelectBackward0>)
AUC: 0.7788670662552254
4.876644134521484
The time elapse of epoch 028 is: 00: 00: 50
tensor([-0.1926,  0.2807,  0.0342, -0.3347, -0.3193, -0.0290, -0.3042,  0.2247,
        -0.0238,  0.2947, -0.2795,  0.1112, -0.1417,  0.1641, -0.7084,  0.1123,
         0.3753,  0.3493,  0.2456,  0.1436,  0.1351, -0.3394, -0.1974, -0.1283,
        -0.1500, -0.0833,  0.0178, -0.0014,  0.0940,  0.0207,  0.2332, -0.3010],
       grad_fn=<SelectBackward0>) tensor([ 0.4561, -0.5504, -0.1233,  0.3808, -0.2970,  0.5996,  0.9653, -0.0495,
         0.2062, -0.2336,  0.2090, -0.7244,  0.1389,  0.3714,  0.3352,  0.0077,
        -0.8292, -0.4778, -0.3483,  0.8083, -0.6122,  0.2072, -0.3565,  0.6564,
         0.5549,  0.2678, -0.1101,  0.4098,  0.6381,  0.1705, -0.2829,  0.5421],
       grad_fn=<SelectBackward0>)
AUC: 0.7790154650690384
3.9354848861694336
The time elapse of epoch 029 is: 00: 00: 52
tensor([-0.1908,  0.2774,  0.0401, -0.3390, -0.3367, -0.0322, -0.3080,  0.2276,
        -0.0281,  0.3024, -0.2862,  0.1123, -0.1497,  0.1734, -0.7306,  0.1048,
         0.3836,  0.3546,  0.2487,  0.1571,  0.1363, -0.3485, -0.2112, -0.1335,
        -0.1508, -0.0801,  0.0220, -0.0016,  0.0955,  0.0180,  0.2375, -0.3144],
       grad_fn=<SelectBackward0>) tensor([ 0.4409, -0.5610, -0.1508,  0.3642, -0.2792,  0.6027,  0.9863, -0.0650,
         0.1985, -0.2350,  0.2001, -0.7341,  0.1300,  0.3683,  0.3434,  0.0231,
        -0.8469, -0.4828, -0.3490,  0.8192, -0.6192,  0.1867, -0.3504,  0.6670,
         0.5564,  0.2630, -0.1255,  0.4036,  0.6362,  0.1587, -0.2777,  0.5367],
       grad_fn=<SelectBackward0>)
AUC: 0.7791079658841411
3.8829097747802734
The time elapse of epoch 030 is: 00: 00: 54
tensor([-0.2036,  0.2883,  0.0511, -0.3401, -0.3521, -0.0257, -0.3173,  0.2341,
        -0.0225,  0.3123, -0.2891,  0.1070, -0.1602,  0.1788, -0.7477,  0.1037,
         0.3981,  0.3612,  0.2460,  0.1684,  0.1348, -0.3570, -0.2198, -0.1396,
        -0.1492, -0.0689,  0.0365,  0.0010,  0.1013,  0.0218,  0.2446, -0.3256],
       grad_fn=<SelectBackward0>) tensor([ 0.4329, -0.5642, -0.1685,  0.3557, -0.2693,  0.6062,  1.0042, -0.0735,
         0.1985, -0.2389,  0.1940, -0.7486,  0.1232,  0.3699,  0.3348,  0.0300,
        -0.8608, -0.4906, -0.3486,  0.8301, -0.6212,  0.1690, -0.3473,  0.6799,
         0.5533,  0.2526, -0.1366,  0.3997,  0.6372,  0.1497, -0.2726,  0.5388],
       grad_fn=<SelectBackward0>)
AUC: 0.7790073288684144
3.889026403427124
The time elapse of epoch 031 is: 00: 00: 48
tensor([-2.1958e-01,  3.0277e-01,  6.4212e-02, -3.5582e-01, -3.6795e-01,
        -2.2701e-02, -3.2872e-01,  2.3168e-01, -1.9619e-02,  3.1693e-01,
        -3.0114e-01,  1.0125e-01, -1.6326e-01,  1.8483e-01, -7.6858e-01,
         1.0269e-01,  4.0485e-01,  3.7751e-01,  2.4406e-01,  1.8214e-01,
         1.3663e-01, -3.6813e-01, -2.3052e-01, -1.3627e-01, -1.5165e-01,
        -6.5306e-02,  4.6327e-02, -6.1854e-04,  1.1968e-01,  1.1768e-02,
         2.5288e-01, -3.3426e-01], grad_fn=<SelectBackward0>) tensor([ 0.4263, -0.5802, -0.1861,  0.3525, -0.2567,  0.6096,  1.0278, -0.0840,
         0.1989, -0.2411,  0.1892, -0.7575,  0.1160,  0.3711,  0.3322,  0.0438,
        -0.8765, -0.4985, -0.3504,  0.8483, -0.6290,  0.1578, -0.3524,  0.7008,
         0.5573,  0.2417, -0.1514,  0.4068,  0.6478,  0.1388, -0.2675,  0.5458],
       grad_fn=<SelectBackward0>)
AUC: 0.779002211206685
3.8853976726531982
The time elapse of epoch 032 is: 00: 00: 47
tensor([-0.2234,  0.3076,  0.0697, -0.3752, -0.3838, -0.0235, -0.3385,  0.2378,
        -0.0187,  0.3301, -0.3010,  0.1114, -0.1678,  0.1856, -0.7841,  0.1006,
         0.4196,  0.3916,  0.2526,  0.1826,  0.1402, -0.3760, -0.2298, -0.1460,
        -0.1544, -0.0635,  0.0602,  0.0011,  0.1260,  0.0094,  0.2556, -0.3466],
       grad_fn=<SelectBackward0>) tensor([ 0.4195, -0.5917, -0.2038,  0.3495, -0.2474,  0.6154,  1.0462, -0.0986,
         0.1955, -0.2395,  0.1814, -0.7657,  0.1099,  0.3691,  0.3333,  0.0583,
        -0.8886, -0.5070, -0.3515,  0.8646, -0.6314,  0.1436, -0.3560,  0.7191,
         0.5625,  0.2305, -0.1613,  0.4106,  0.6540,  0.1285, -0.2628,  0.5573],
       grad_fn=<SelectBackward0>)
AUC: 0.778878931232819
3.7947275638580322
The time elapse of epoch 033 is: 00: 00: 45
tensor([-0.2308,  0.3141,  0.0765, -0.3866, -0.3908, -0.0238, -0.3540,  0.2297,
        -0.0121,  0.3383, -0.3064,  0.1147, -0.1799,  0.1897, -0.8059,  0.1022,
         0.4304,  0.3962,  0.2607,  0.1827,  0.1446, -0.3835, -0.2367, -0.1553,
        -0.1574, -0.0620,  0.0587, -0.0053,  0.1314,  0.0063,  0.2577, -0.3707],
       grad_fn=<SelectBackward0>) tensor([ 0.4148, -0.5972, -0.2153,  0.3452, -0.2433,  0.6212,  1.0637, -0.0978,
         0.2047, -0.2503,  0.1801, -0.7823,  0.1152,  0.3752,  0.3380,  0.0627,
        -0.9040, -0.5072, -0.3563,  0.8774, -0.6396,  0.1394, -0.3614,  0.7413,
         0.5674,  0.2306, -0.1702,  0.4208,  0.6650,  0.1287, -0.2694,  0.5673],
       grad_fn=<SelectBackward0>)
AUC: 0.7787850128757664
4.027490139007568
The time elapse of epoch 034 is: 00: 00: 44
tensor([-2.3578e-01,  3.2688e-01,  8.3768e-02, -3.9681e-01, -4.0562e-01,
        -1.9843e-02, -3.6396e-01,  2.3255e-01, -1.2493e-02,  3.3981e-01,
        -3.1660e-01,  1.1802e-01, -1.9212e-01,  1.9754e-01, -8.2649e-01,
         9.9183e-02,  4.4532e-01,  4.0510e-01,  2.7141e-01,  1.8982e-01,
         1.4476e-01, -3.9273e-01, -2.3552e-01, -1.6187e-01, -1.5285e-01,
        -5.4613e-02,  6.6020e-02, -4.0501e-04,  1.3879e-01,  5.9098e-03,
         2.5992e-01, -3.8883e-01], grad_fn=<SelectBackward0>) tensor([ 0.4017, -0.6085, -0.2306,  0.3366, -0.2346,  0.6248,  1.0841, -0.1047,
         0.2051, -0.2622,  0.1739, -0.7919,  0.1107,  0.3855,  0.3335,  0.0668,
        -0.9154, -0.5092, -0.3580,  0.8914, -0.6457,  0.1305, -0.3653,  0.7663,
         0.5699,  0.2239, -0.1814,  0.4300,  0.6774,  0.1254, -0.2664,  0.5843],
       grad_fn=<SelectBackward0>)
AUC: 0.7785790123026413
4.105252981185913
The time elapse of epoch 035 is: 00: 00: 45
tensor([-2.4158e-01,  3.2778e-01,  8.1279e-02, -4.1504e-01, -4.1217e-01,
        -2.7696e-02, -3.7050e-01,  2.4335e-01, -1.4964e-02,  3.4978e-01,
        -3.1680e-01,  1.2191e-01, -1.9014e-01,  2.0394e-01, -8.5509e-01,
         9.3767e-02,  4.5616e-01,  4.1997e-01,  2.8183e-01,  1.9600e-01,
         1.4510e-01, -4.1011e-01, -2.3101e-01, -1.7312e-01, -1.5643e-01,
        -5.9150e-02,  7.5387e-02, -4.6430e-04,  1.4299e-01,  7.3655e-03,
         2.6435e-01, -4.0260e-01], grad_fn=<SelectBackward0>) tensor([ 0.3847, -0.6154, -0.2465,  0.3248, -0.2255,  0.6268,  1.1001, -0.1140,
         0.2022, -0.2625,  0.1699, -0.7967,  0.1068,  0.3832,  0.3314,  0.0766,
        -0.9242, -0.5140, -0.3677,  0.8989, -0.6453,  0.1141, -0.3683,  0.7727,
         0.5717,  0.2132, -0.1906,  0.4286,  0.6773,  0.1193, -0.2651,  0.5848],
       grad_fn=<SelectBackward0>)
AUC: 0.7783449225042152
3.8669261932373047
The time elapse of epoch 036 is: 00: 00: 45
tensor([-0.2483,  0.3351,  0.0896, -0.4271, -0.4261, -0.0295, -0.3777,  0.2428,
        -0.0073,  0.3513, -0.3280,  0.1282, -0.1973,  0.2055, -0.8704,  0.0932,
         0.4718,  0.4392,  0.2816,  0.2077,  0.1460, -0.4157, -0.2349, -0.1808,
        -0.1537, -0.0500,  0.0762, -0.0044,  0.1498,  0.0056,  0.2667, -0.4151],
       grad_fn=<SelectBackward0>) tensor([ 0.3879, -0.6204, -0.2560,  0.3210, -0.2232,  0.6372,  1.1134, -0.1173,
         0.1981, -0.2712,  0.1695, -0.8160,  0.1099,  0.3914,  0.3323,  0.0805,
        -0.9383, -0.5101, -0.3697,  0.9095, -0.6490,  0.1052, -0.3659,  0.7918,
         0.5770,  0.2149, -0.1960,  0.4317,  0.6908,  0.1192, -0.2691,  0.5974],
       grad_fn=<SelectBackward0>)
AUC: 0.7780873956624297
3.8591771125793457
The time elapse of epoch 037 is: 00: 00: 45
tensor([-0.2545,  0.3460,  0.0917, -0.4374, -0.4391, -0.0283, -0.3835,  0.2433,
        -0.0044,  0.3643, -0.3285,  0.1395, -0.1928,  0.2156, -0.8871,  0.0877,
         0.4813,  0.4431,  0.2848,  0.2201,  0.1416, -0.4262, -0.2372, -0.1885,
        -0.1547, -0.0515,  0.0795, -0.0037,  0.1534,  0.0108,  0.2705, -0.4341],
       grad_fn=<SelectBackward0>) tensor([ 0.3806, -0.6259, -0.2704,  0.3177, -0.2118,  0.6446,  1.1239, -0.1214,
         0.2054, -0.2836,  0.1668, -0.8302,  0.0978,  0.4012,  0.3331,  0.0944,
        -0.9548, -0.5108, -0.3657,  0.9177, -0.6479,  0.0933, -0.3708,  0.8123,
         0.5779,  0.2061, -0.1977,  0.4428,  0.7050,  0.1159, -0.2653,  0.6113],
       grad_fn=<SelectBackward0>)
AUC: 0.7778026911885346
3.8290605545043945
The time elapse of epoch 038 is: 00: 00: 45
tensor([-0.2508,  0.3513,  0.0868, -0.4415, -0.4506, -0.0167, -0.3896,  0.2519,
        -0.0112,  0.3716, -0.3223,  0.1367, -0.1930,  0.2241, -0.9113,  0.0841,
         0.4898,  0.4462,  0.2907,  0.2331,  0.1388, -0.4412, -0.2431, -0.1898,
        -0.1485, -0.0573,  0.0888,  0.0011,  0.1648,  0.0185,  0.2725, -0.4443],
       grad_fn=<SelectBackward0>) tensor([ 0.3792, -0.6276, -0.2835,  0.3061, -0.2012,  0.6485,  1.1337, -0.1296,
         0.1991, -0.2874,  0.1589, -0.8406,  0.1013,  0.4001,  0.3404,  0.1043,
        -0.9640, -0.5100, -0.3698,  0.9322, -0.6537,  0.0732, -0.3662,  0.8211,
         0.5853,  0.1985, -0.1981,  0.4399,  0.7083,  0.1108, -0.2675,  0.6096],
       grad_fn=<SelectBackward0>)
AUC: 0.7775104683589403
3.885859251022339
The time elapse of epoch 039 is: 00: 00: 44

Process finished with exit code -1
