C:\Users\10922\.conda\envs\python38\python.exe C:/Users/10922/Desktop/pdfs/AIC/project/BPR_MF3/main.py 
tensor([ 0.0105, -0.0294, -0.0319, -0.0099,  0.0080,  0.0072,  0.0203,  0.0180,
         0.0095, -0.0082, -0.0089,  0.0068,  0.0048, -0.0039, -0.0066, -0.0105,
        -0.0102, -0.0174,  0.0033,  0.0130, -0.0084, -0.0191,  0.0146,  0.0062,
         0.0057,  0.0187, -0.0200, -0.0143, -0.0075,  0.0266,  0.0075, -0.0019],
       grad_fn=<SelectBackward0>) tensor([ 0.0150, -0.0044,  0.0037, -0.0020, -0.0109,  0.0013,  0.0102, -0.0068,
        -0.0135, -0.0067,  0.0044,  0.0075, -0.0190, -0.0289, -0.0024, -0.0168,
         0.0035, -0.0069,  0.0086, -0.0097, -0.0086,  0.0013,  0.0169, -0.0042,
        -0.0139, -0.0167,  0.0032, -0.0083, -0.0248, -0.0146, -0.0051,  0.0275],
       grad_fn=<SelectBackward0>)
AUC: 0.5794117886669002
MAP: 0.006799445224499096
MRR: 0.12377372820826406
Prec@10: 0.01324554608830374
Rec@10: 0.018348310363503158
F1@10: 0.013502730258592732
NDCG@10: 0.018805739105305797
1-call@10: 0.11489801187709786
13.822521686553955
The time elapse of epoch 000 is: 00: 01: 01
tensor([ 0.0211, -0.0430, -0.0604, -0.0172,  0.0204,  0.0273,  0.0367,  0.0245,
         0.0085,  0.0005,  0.0066,  0.0088,  0.0305,  0.0029,  0.0052, -0.0088,
        -0.0117, -0.0282,  0.0420,  0.0270, -0.0331, -0.0484,  0.0466,  0.0220,
        -0.0062,  0.0547, -0.0370, -0.0209, -0.0057,  0.0639,  0.0329, -0.0096],
       grad_fn=<SelectBackward0>) tensor([ 0.0034, -0.0093,  0.0158, -0.0220, -0.0585, -0.0264,  0.0148,  0.0145,
        -0.0113, -0.0424, -0.0129,  0.0241, -0.0744, -0.0506, -0.0263, -0.0204,
         0.0058, -0.0178, -0.0116, -0.0617,  0.0160,  0.0351, -0.0091,  0.0203,
        -0.0180, -0.0565,  0.0369, -0.0247, -0.0490, -0.0663, -0.0032,  0.0228],
       grad_fn=<SelectBackward0>)
AUC: 0.7193669352450676
MAP: 0.016828773347784886
MRR: 0.16410792853472933
Prec@10: 0.03062225664859245
Rec@10: 0.044187800207682405
F1@10: 0.03175888235522933
NDCG@10: 0.04403848468476673
1-call@10: 0.23366899044668216
13.17879843711853
The time elapse of epoch 001 is: 00: 00: 54
tensor([ 0.0414, -0.0725, -0.1078, -0.0141,  0.0343,  0.0443,  0.0599,  0.0060,
         0.0053,  0.0140,  0.0255,  0.0103,  0.0520,  0.0199,  0.0318, -0.0079,
         0.0060, -0.0327,  0.0669,  0.0435, -0.0580, -0.0756,  0.0672,  0.0245,
        -0.0190,  0.0907, -0.0496, -0.0325,  0.0035,  0.0998,  0.0597, -0.0060],
       grad_fn=<SelectBackward0>) tensor([-0.0539, -0.0187,  0.0702, -0.0767, -0.1334, -0.0765, -0.0418,  0.0586,
         0.0098, -0.1152, -0.0843,  0.0624, -0.1475, -0.1063, -0.0907,  0.0181,
         0.0116, -0.0610, -0.0791, -0.1356,  0.0786,  0.1085, -0.0743,  0.0869,
         0.0209, -0.1213,  0.1052, -0.0559, -0.0835, -0.1406,  0.0060, -0.0212],
       grad_fn=<SelectBackward0>)
AUC: 0.7295232823200666
MAP: 0.019777290669517243
MRR: 0.17523495811644701
Prec@10: 0.03348825200103235
Rec@10: 0.04875176811459564
F1@10: 0.034889632179219435
NDCG@10: 0.04967582462472384
1-call@10: 0.2525174283501162
12.94300127029419
The time elapse of epoch 002 is: 00: 00: 54
tensor([ 0.0710, -0.1054, -0.1517,  0.0074,  0.0639,  0.0731,  0.0980, -0.0181,
         0.0101,  0.0434,  0.0573,  0.0087,  0.0858,  0.0481,  0.0612, -0.0401,
         0.0167, -0.0194,  0.0977,  0.0759, -0.0973, -0.1125,  0.0973, -0.0041,
        -0.0540,  0.1328, -0.0818, -0.0294,  0.0223,  0.1370,  0.0889,  0.0081],
       grad_fn=<SelectBackward0>) tensor([-0.1016, -0.0051,  0.1195, -0.1230, -0.1888, -0.1409, -0.0900,  0.1155,
         0.0143, -0.1717, -0.1291,  0.0756, -0.2148, -0.1680, -0.1405,  0.0557,
         0.0174, -0.1040, -0.1315, -0.1891,  0.1234,  0.1593, -0.1205,  0.1366,
         0.0582, -0.1795,  0.1653, -0.0724, -0.1489, -0.1999,  0.0057, -0.0521],
       grad_fn=<SelectBackward0>)
AUC: 0.7346055486278201
MAP: 0.019565884781584417
MRR: 0.17761972944002646
Prec@10: 0.0339271882261808
Rec@10: 0.04896806573684093
F1@10: 0.03522491416138271
NDCG@10: 0.0501480005614234
1-call@10: 0.25458301058610894
13.291805982589722
The time elapse of epoch 003 is: 00: 00: 55
tensor([ 0.0815, -0.1285, -0.1659,  0.0097,  0.0699,  0.0803,  0.1147, -0.0215,
         0.0209,  0.0534,  0.0737,  0.0074,  0.0940,  0.0602,  0.0721, -0.0604,
         0.0298, -0.0233,  0.1084,  0.0893, -0.1182, -0.1254,  0.1117, -0.0085,
        -0.0715,  0.1557, -0.0953, -0.0337,  0.0216,  0.1571,  0.1101,  0.0156],
       grad_fn=<SelectBackward0>) tensor([-0.1413, -0.0069,  0.1612, -0.1576, -0.2328, -0.1871, -0.1332,  0.1580,
         0.0202, -0.2250, -0.1681,  0.1090, -0.2693, -0.2084, -0.1831,  0.0830,
         0.0158, -0.1505, -0.1720, -0.2352,  0.1623,  0.2047, -0.1617,  0.1785,
         0.0934, -0.2252,  0.2120, -0.0967, -0.1958, -0.2513,  0.0138, -0.0851],
       grad_fn=<SelectBackward0>)
AUC: 0.7397993702152759
MAP: 0.02028470978737473
MRR: 0.18030510743524236
Prec@10: 0.03428866511747952
Rec@10: 0.049803346685578495
F1@10: 0.03574882625340736
NDCG@10: 0.0513031869293635
1-call@10: 0.2597469661760909
13.316972494125366
The time elapse of epoch 004 is: 00: 00: 55
tensor([ 0.0994, -0.1508, -0.1854,  0.0233,  0.0820,  0.1014,  0.1367, -0.0417,
         0.0173,  0.0729,  0.0937,  0.0123,  0.1138,  0.0725,  0.0907, -0.0726,
         0.0510, -0.0184,  0.1309,  0.1105, -0.1394, -0.1474,  0.1329, -0.0174,
        -0.0918,  0.1853, -0.1095, -0.0189,  0.0343,  0.1796,  0.1357,  0.0210],
       grad_fn=<SelectBackward0>) tensor([-0.1707,  0.0004,  0.1956, -0.1834, -0.2707, -0.2356, -0.1747,  0.2005,
         0.0212, -0.2715, -0.2011,  0.1391, -0.3268, -0.2492, -0.2161,  0.1054,
         0.0183, -0.1922, -0.2032, -0.2787,  0.1962,  0.2430, -0.1936,  0.2108,
         0.1187, -0.2731,  0.2565, -0.1364, -0.2463, -0.2986,  0.0148, -0.1046],
       grad_fn=<SelectBackward0>)
AUC: 0.7444190750581594
MAP: 0.020451611061849135
MRR: 0.18166198706477896
Prec@10: 0.03483088045442756
Rec@10: 0.05055673140099336
F1@10: 0.03636849855926131
NDCG@10: 0.051968987534259006
1-call@10: 0.26516911954557193
12.71412205696106
The time elapse of epoch 005 is: 00: 00: 54
tensor([ 0.0978, -0.1655, -0.1920,  0.0154,  0.0763,  0.1032,  0.1404, -0.0460,
         0.0251,  0.0739,  0.0956,  0.0057,  0.1125,  0.0677,  0.0879, -0.0683,
         0.0540, -0.0285,  0.1326,  0.1140, -0.1422, -0.1496,  0.1366, -0.0100,
        -0.0999,  0.1961, -0.1068, -0.0309,  0.0259,  0.1864,  0.1533,  0.0208],
       grad_fn=<SelectBackward0>) tensor([-0.2019,  0.0147,  0.2348, -0.2122, -0.3127, -0.2871, -0.2090,  0.2412,
         0.0176, -0.3179, -0.2348,  0.1523, -0.3813, -0.2885, -0.2468,  0.1271,
         0.0134, -0.2246, -0.2355, -0.3193,  0.2331,  0.2824, -0.2275,  0.2435,
         0.1399, -0.3167,  0.3003, -0.1607, -0.2951, -0.3419,  0.0114, -0.1211],
       grad_fn=<SelectBackward0>)
AUC: 0.7486443344745758
MAP: 0.02079682743869069
MRR: 0.181928791436928
Prec@10: 0.03537309579137567
Rec@10: 0.0514935814946417
F1@10: 0.03700155801167639
NDCG@10: 0.05268315904400206
1-call@10: 0.26800929512006194
13.675620317459106
The time elapse of epoch 006 is: 00: 00: 57
tensor([ 0.1007, -0.1817, -0.1985,  0.0110,  0.0761,  0.1034,  0.1409, -0.0514,
         0.0254,  0.0756,  0.0959,  0.0051,  0.1141,  0.0649,  0.0870, -0.0555,
         0.0671, -0.0385,  0.1349,  0.1170, -0.1488, -0.1539,  0.1406, -0.0039,
        -0.1102,  0.2132, -0.1055, -0.0332,  0.0212,  0.1977,  0.1832,  0.0250],
       grad_fn=<SelectBackward0>) tensor([-0.2185,  0.0377,  0.2634, -0.2244, -0.3408, -0.3326, -0.2298,  0.2787,
         0.0175, -0.3491, -0.2575,  0.1662, -0.4260, -0.3197, -0.2660,  0.1392,
        -0.0009, -0.2424, -0.2554, -0.3481,  0.2546,  0.3107, -0.2448,  0.2690,
         0.1499, -0.3507,  0.3298, -0.1718, -0.3455, -0.3736, -0.0020, -0.1268],
       grad_fn=<SelectBackward0>)
AUC: 0.7522458473691621
MAP: 0.02098437491082132
MRR: 0.1832732734746712
Prec@10: 0.03506325845597673
Rec@10: 0.05119156347160421
F1@10: 0.03675704357242156
NDCG@10: 0.05278500916093648
1-call@10: 0.26775109734056285
13.250405073165894
The time elapse of epoch 007 is: 00: 00: 57
tensor([ 1.0128e-01, -2.0266e-01, -2.0899e-01,  6.7680e-05,  7.3094e-02,
         1.0637e-01,  1.4783e-01, -5.7040e-02,  2.9556e-02,  7.1759e-02,
         9.5683e-02,  7.4519e-03,  1.1494e-01,  6.3201e-02,  8.8011e-02,
        -4.8620e-02,  7.9540e-02, -4.9142e-02,  1.3622e-01,  1.1869e-01,
        -1.5519e-01, -1.5985e-01,  1.4128e-01,  2.0681e-03, -1.1020e-01,
         2.2689e-01, -1.0431e-01, -4.9545e-02,  1.5720e-02,  2.0657e-01,
         2.0912e-01,  2.3334e-02], grad_fn=<SelectBackward0>) tensor([-0.2253,  0.0473,  0.2818, -0.2312, -0.3627, -0.3715, -0.2427,  0.3078,
         0.0105, -0.3836, -0.2755,  0.1823, -0.4666, -0.3381, -0.2770,  0.1433,
        -0.0123, -0.2587, -0.2717, -0.3761,  0.2730,  0.3365, -0.2584,  0.2896,
         0.1564, -0.3787,  0.3592, -0.1912, -0.3846, -0.4043, -0.0048, -0.1262],
       grad_fn=<SelectBackward0>)
AUC: 0.755337723991869
MAP: 0.02119961487365646
MRR: 0.18280966315436029
Prec@10: 0.03568293312677455
Rec@10: 0.05190336181322879
F1@10: 0.03742101237521754
NDCG@10: 0.05322727306156363
1-call@10: 0.27007487735605473
13.130586862564087
The time elapse of epoch 008 is: 00: 00: 59
tensor([ 0.1148, -0.2223, -0.2269, -0.0015,  0.0812,  0.1165,  0.1658, -0.0631,
         0.0402,  0.0798,  0.1047,  0.0057,  0.1251,  0.0706,  0.0993, -0.0531,
         0.0834, -0.0519,  0.1494,  0.1315, -0.1736, -0.1781,  0.1524, -0.0071,
        -0.1270,  0.2500, -0.1168, -0.0434,  0.0139,  0.2232,  0.2222,  0.0438],
       grad_fn=<SelectBackward0>) tensor([-0.2346,  0.0564,  0.3028, -0.2373, -0.3799, -0.4051, -0.2585,  0.3309,
         0.0010, -0.4160, -0.2905,  0.1942, -0.4987, -0.3560, -0.2854,  0.1507,
        -0.0151, -0.2723, -0.2807, -0.4018,  0.2881,  0.3590, -0.2712,  0.3066,
         0.1608, -0.4069,  0.3829, -0.2099, -0.4145, -0.4325, -0.0040, -0.1218],
       grad_fn=<SelectBackward0>)
AUC: 0.7582017905911203
MAP: 0.021247264508885175
MRR: 0.1816415044920105
Prec@10: 0.03619932868577275
Rec@10: 0.05225157625921038
F1@10: 0.03776126705624235
NDCG@10: 0.05347618330429961
1-call@10: 0.2705912729150529
13.218722105026245
The time elapse of epoch 009 is: 00: 00: 53
tensor([ 0.1256, -0.2476, -0.2446, -0.0043,  0.0869,  0.1241,  0.1807, -0.0813,
         0.0467,  0.0884,  0.1149,  0.0078,  0.1377,  0.0817,  0.1075, -0.0617,
         0.0958, -0.0620,  0.1628,  0.1437, -0.1852, -0.1921,  0.1613, -0.0092,
        -0.1424,  0.2730, -0.1290, -0.0429,  0.0132,  0.2380,  0.2384,  0.0533],
       grad_fn=<SelectBackward0>) tensor([-0.2280,  0.0649,  0.3201, -0.2290, -0.3876, -0.4367, -0.2580,  0.3485,
        -0.0082, -0.4351, -0.2923,  0.2067, -0.5270, -0.3626, -0.2783,  0.1414,
        -0.0165, -0.2811, -0.2788, -0.4119,  0.2936,  0.3682, -0.2674,  0.3100,
         0.1546, -0.4200,  0.3997, -0.2194, -0.4381, -0.4440, -0.0157, -0.1077],
       grad_fn=<SelectBackward0>)
AUC: 0.7608302306874756
MAP: 0.021520315806223156
MRR: 0.18311272885246843
Prec@10: 0.0363800671314221
Rec@10: 0.05258652432051955
F1@10: 0.038034277799676226
NDCG@10: 0.05395716509191748
1-call@10: 0.2731732507100439
13.226604461669922
The time elapse of epoch 010 is: 00: 00: 54
tensor([ 0.1168, -0.2667, -0.2432, -0.0267,  0.0725,  0.1157,  0.1864, -0.0735,
         0.0560,  0.0806,  0.1045,  0.0020,  0.1280,  0.0727,  0.0953, -0.0509,
         0.0989, -0.0893,  0.1544,  0.1376, -0.1835, -0.1907,  0.1518,  0.0036,
        -0.1370,  0.2778, -0.1188, -0.0547, -0.0032,  0.2356,  0.2542,  0.0497],
       grad_fn=<SelectBackward0>) tensor([-0.2300,  0.0740,  0.3397, -0.2294, -0.4091, -0.4743, -0.2733,  0.3747,
        -0.0198, -0.4655, -0.3028,  0.2117, -0.5669, -0.3858, -0.2800,  0.1417,
        -0.0232, -0.2969, -0.2895, -0.4366,  0.3072,  0.3911, -0.2757,  0.3234,
         0.1495, -0.4498,  0.4233, -0.2391, -0.4757, -0.4667, -0.0158, -0.1026],
       grad_fn=<SelectBackward0>)
AUC: 0.7632387632013816
MAP: 0.021639241396162464
MRR: 0.1829934567541105
Prec@10: 0.03661244513297125
Rec@10: 0.05313848644540905
F1@10: 0.03831766157291296
NDCG@10: 0.05424495409294896
1-call@10: 0.27627162406403305
12.58956527709961
The time elapse of epoch 011 is: 00: 00: 52
tensor([ 0.1112, -0.2782, -0.2482, -0.0413,  0.0644,  0.1117,  0.1827, -0.0709,
         0.0560,  0.0808,  0.0983, -0.0058,  0.1196,  0.0603,  0.0935, -0.0479,
         0.1032, -0.0992,  0.1555,  0.1406, -0.1895, -0.1922,  0.1506,  0.0156,
        -0.1395,  0.2904, -0.1180, -0.0664, -0.0264,  0.2454,  0.2613,  0.0469],
       grad_fn=<SelectBackward0>) tensor([-0.2351,  0.0780,  0.3576, -0.2334, -0.4257, -0.5019, -0.2896,  0.3919,
        -0.0291, -0.4927, -0.3162,  0.2217, -0.5983, -0.4003, -0.2817,  0.1470,
        -0.0166, -0.3138, -0.2939, -0.4599,  0.3231,  0.4157, -0.2830,  0.3412,
         0.1541, -0.4721,  0.4519, -0.2476, -0.5086, -0.4896, -0.0115, -0.0957],
       grad_fn=<SelectBackward0>)
AUC: 0.7654411731754077
MAP: 0.021728732337188684
MRR: 0.18258875129518307
Prec@10: 0.03650916602117162
Rec@10: 0.05364519912020149
F1@10: 0.038389124575974085
NDCG@10: 0.05430332521098448
1-call@10: 0.27601342628453396
13.010229110717773
The time elapse of epoch 012 is: 00: 00: 53
tensor([ 0.1073, -0.2916, -0.2593, -0.0547,  0.0641,  0.1115,  0.1942, -0.0684,
         0.0729,  0.0876,  0.1031, -0.0229,  0.1160,  0.0488,  0.0922, -0.0501,
         0.1013, -0.1136,  0.1608,  0.1472, -0.2048, -0.2042,  0.1558,  0.0146,
        -0.1505,  0.3076, -0.1231, -0.0643, -0.0466,  0.2523,  0.2601,  0.0616],
       grad_fn=<SelectBackward0>) tensor([-0.2261,  0.0715,  0.3632, -0.2213, -0.4322, -0.5208, -0.2985,  0.4007,
        -0.0334, -0.5066, -0.3148,  0.2314, -0.6189, -0.3947, -0.2759,  0.1430,
        -0.0170, -0.3219, -0.2862, -0.4728,  0.3277,  0.4280, -0.2786,  0.3484,
         0.1406, -0.4851,  0.4661, -0.2548, -0.5344, -0.5047, -0.0083, -0.0830],
       grad_fn=<SelectBackward0>)
AUC: 0.7674295931306833
MAP: 0.02185208820309673
MRR: 0.18244134010981689
Prec@10: 0.03661244513297124
Rec@10: 0.05423021610707464
F1@10: 0.03857571711835358
NDCG@10: 0.05457493573000829
1-call@10: 0.27807900852052675
12.79194164276123
The time elapse of epoch 013 is: 00: 00: 53
tensor([ 0.1132, -0.3150, -0.2794, -0.0620,  0.0650,  0.1099,  0.2093, -0.0662,
         0.0718,  0.0969,  0.1121, -0.0349,  0.1179,  0.0493,  0.1017, -0.0469,
         0.1016, -0.1214,  0.1711,  0.1588, -0.2211, -0.2241,  0.1643,  0.0091,
        -0.1714,  0.3264, -0.1262, -0.0731, -0.0537,  0.2664,  0.2642,  0.0736],
       grad_fn=<SelectBackward0>) tensor([-0.2262,  0.0793,  0.3790, -0.2142, -0.4452, -0.5471, -0.3107,  0.4201,
        -0.0370, -0.5331, -0.3195,  0.2423, -0.6471, -0.3988, -0.2750,  0.1473,
        -0.0201, -0.3319, -0.2874, -0.4931,  0.3394,  0.4451, -0.2787,  0.3596,
         0.1356, -0.5064,  0.4872, -0.2650, -0.5583, -0.5293, -0.0044, -0.0723],
       grad_fn=<SelectBackward0>)
AUC: 0.7693471902453568
MAP: 0.021935284105242
MRR: 0.18270936468070748
Prec@10: 0.0364833462432217
Rec@10: 0.054334208261139424
F1@10: 0.038514386746973696
NDCG@10: 0.05465562798447256
1-call@10: 0.27833720630002584
12.780551433563232
The time elapse of epoch 014 is: 00: 00: 52
tensor([ 0.1128, -0.3318, -0.2874, -0.0711,  0.0570,  0.1150,  0.2135, -0.0733,
         0.0776,  0.0989,  0.1096, -0.0335,  0.1166,  0.0527,  0.1026, -0.0375,
         0.1147, -0.1368,  0.1707,  0.1633, -0.2251, -0.2282,  0.1603,  0.0139,
        -0.1775,  0.3425, -0.1218, -0.0762, -0.0660,  0.2660,  0.2809,  0.0790],
       grad_fn=<SelectBackward0>) tensor([-0.2208,  0.0884,  0.4034, -0.2037, -0.4590, -0.5828, -0.3263,  0.4402,
        -0.0513, -0.5588, -0.3206,  0.2524, -0.6757, -0.4037, -0.2662,  0.1414,
        -0.0231, -0.3421, -0.2839, -0.5129,  0.3449,  0.4669, -0.2788,  0.3670,
         0.1310, -0.5293,  0.5110, -0.2760, -0.5787, -0.5511, -0.0046, -0.0614],
       grad_fn=<SelectBackward0>)
AUC: 0.7710663853490748
MAP: 0.02221147165198202
MRR: 0.18254715276404151
Prec@10: 0.03656080557707142
Rec@10: 0.054651136421589176
F1@10: 0.03865545368800364
NDCG@10: 0.05492428104488083
1-call@10: 0.278853601859024
12.704922199249268
The time elapse of epoch 015 is: 00: 00: 52
tensor([ 0.1136, -0.3469, -0.3031, -0.0771,  0.0611,  0.1242,  0.2351, -0.0871,
         0.0990,  0.1105,  0.1127, -0.0288,  0.1222,  0.0510,  0.1000, -0.0390,
         0.1257, -0.1400,  0.1805,  0.1718, -0.2375, -0.2420,  0.1646,  0.0124,
        -0.1853,  0.3694, -0.1335, -0.0615, -0.0716,  0.2742,  0.2977,  0.0796],
       grad_fn=<SelectBackward0>) tensor([-0.2225,  0.0940,  0.4212, -0.1979, -0.4770, -0.6103, -0.3417,  0.4543,
        -0.0569, -0.5854, -0.3251,  0.2598, -0.7006, -0.4098, -0.2575,  0.1454,
        -0.0251, -0.3556, -0.2863, -0.5329,  0.3543,  0.4821, -0.2808,  0.3756,
         0.1268, -0.5546,  0.5335, -0.2830, -0.6012, -0.5796, -0.0021, -0.0516],
       grad_fn=<SelectBackward0>)
AUC: 0.7725873109823772
MAP: 0.02225553138973069
MRR: 0.18192709619898104
Prec@10: 0.036741544022720785
Rec@10: 0.05547407738661753
F1@10: 0.0390652352083593
NDCG@10: 0.05507523683879914
1-call@10: 0.28091918409501676
12.595603466033936
The time elapse of epoch 016 is: 00: 00: 52
tensor([ 0.1079, -0.3588, -0.3098, -0.0943,  0.0532,  0.1177,  0.2456, -0.0943,
         0.1061,  0.1037,  0.1130, -0.0258,  0.1243,  0.0402,  0.1021, -0.0296,
         0.1354, -0.1526,  0.1799,  0.1750, -0.2438, -0.2457,  0.1609,  0.0179,
        -0.1914,  0.3817, -0.1336, -0.0705, -0.0904,  0.2755,  0.3111,  0.0895],
       grad_fn=<SelectBackward0>) tensor([-0.2184,  0.0883,  0.4233, -0.1861, -0.4847, -0.6296, -0.3449,  0.4607,
        -0.0635, -0.6046, -0.3257,  0.2667, -0.7213, -0.4092, -0.2437,  0.1404,
        -0.0244, -0.3593, -0.2789, -0.5507,  0.3616,  0.4940, -0.2833,  0.3798,
         0.1206, -0.5720,  0.5521, -0.2841, -0.6269, -0.5983,  0.0017, -0.0369],
       grad_fn=<SelectBackward0>)
AUC: 0.7738825640446112
MAP: 0.02253997665748586
MRR: 0.18320138420835827
Prec@10: 0.03666408468887106
Rec@10: 0.05556875859246204
F1@10: 0.039106410348189576
NDCG@10: 0.05536899660811836
1-call@10: 0.28091918409501676
13.16934061050415
The time elapse of epoch 017 is: 00: 00: 54
tensor([ 0.1041, -0.3777, -0.3256, -0.1096,  0.0463,  0.1079,  0.2606, -0.0954,
         0.1167,  0.0975,  0.1144, -0.0337,  0.1170,  0.0356,  0.0987, -0.0294,
         0.1384, -0.1693,  0.1802,  0.1717, -0.2563, -0.2547,  0.1548,  0.0218,
        -0.1976,  0.3900, -0.1354, -0.0669, -0.1047,  0.2764,  0.3164,  0.1018],
       grad_fn=<SelectBackward0>) tensor([-0.2133,  0.0790,  0.4305, -0.1750, -0.4896, -0.6461, -0.3609,  0.4580,
        -0.0636, -0.6205, -0.3202,  0.2762, -0.7359, -0.3974, -0.2264,  0.1400,
        -0.0219, -0.3642, -0.2662, -0.5642,  0.3644,  0.5054, -0.2794,  0.3845,
         0.1097, -0.5896,  0.5662, -0.2825, -0.6472, -0.6203,  0.0103, -0.0221],
       grad_fn=<SelectBackward0>)
AUC: 0.7749933456121397
MAP: 0.022452718962554626
MRR: 0.1827029469941967
Prec@10: 0.03671572424477089
Rec@10: 0.05593895615186402
F1@10: 0.039127645480434195
NDCG@10: 0.05537144266233414
1-call@10: 0.2801445907565195
20.974814653396606
The time elapse of epoch 018 is: 00: 01: 19
tensor([ 0.1009, -0.3869, -0.3295, -0.1353,  0.0320,  0.0913,  0.2582, -0.0830,
         0.1223,  0.0841,  0.1096, -0.0411,  0.0983,  0.0097,  0.0938, -0.0201,
         0.1309, -0.1845,  0.1749,  0.1718, -0.2649, -0.2576,  0.1461,  0.0404,
        -0.2065,  0.3986, -0.1182, -0.0854, -0.1306,  0.2789,  0.3131,  0.1199],
       grad_fn=<SelectBackward0>) tensor([-0.1987,  0.0734,  0.4335, -0.1578, -0.4907, -0.6621, -0.3641,  0.4630,
        -0.0702, -0.6319, -0.3164,  0.2830, -0.7537, -0.3857, -0.2082,  0.1283,
        -0.0220, -0.3630, -0.2464, -0.5741,  0.3660,  0.5092, -0.2712,  0.3800,
         0.0952, -0.5963,  0.5807, -0.2892, -0.6695, -0.6311,  0.0093, -0.0063],
       grad_fn=<SelectBackward0>)
AUC: 0.7760029735064354
MAP: 0.02265610740171223
MRR: 0.18326374474709375
Prec@10: 0.03723211980376904
Rec@10: 0.05671344848307697
F1@10: 0.039664461311229235
NDCG@10: 0.05590858245647974
1-call@10: 0.2819519752130132
13.037877082824707
The time elapse of epoch 019 is: 00: 00: 53
tensor([ 0.1015, -0.4069, -0.3368, -0.1439,  0.0315,  0.0858,  0.2684, -0.0828,
         0.1268,  0.0836,  0.1123, -0.0466,  0.0985,  0.0059,  0.0921, -0.0180,
         0.1356, -0.1987,  0.1769,  0.1726, -0.2762, -0.2718,  0.1409,  0.0449,
        -0.2184,  0.4086, -0.1131, -0.0946, -0.1398,  0.2897,  0.3238,  0.1281],
       grad_fn=<SelectBackward0>) tensor([-1.9349e-01,  6.8629e-02,  4.4572e-01, -1.5098e-01, -5.0023e-01,
        -6.8439e-01, -3.7104e-01,  4.7163e-01, -6.7644e-02, -6.5194e-01,
        -3.1988e-01,  2.9115e-01, -7.7122e-01, -3.9174e-01, -2.0059e-01,
         1.2997e-01, -2.0890e-02, -3.7642e-01, -2.4001e-01, -5.8945e-01,
         3.7047e-01,  5.2058e-01, -2.7164e-01,  3.8912e-01,  8.4059e-02,
        -6.1438e-01,  5.9619e-01, -2.8343e-01, -6.8675e-01, -6.5384e-01,
         2.0265e-02, -3.4611e-04], grad_fn=<SelectBackward0>)
AUC: 0.7768151072123279
MAP: 0.02269268136717982
MRR: 0.1829320835517605
Prec@10: 0.03728375935966886
Rec@10: 0.05747583011009426
F1@10: 0.03991282320774299
NDCG@10: 0.0560220683163816
1-call@10: 0.28479215078750325
29.731672763824463
The time elapse of epoch 020 is: 00: 01: 24
tensor([ 0.1015, -0.4202, -0.3424, -0.1546,  0.0272,  0.0829,  0.2745, -0.0802,
         0.1366,  0.0864,  0.1230, -0.0644,  0.0956, -0.0011,  0.0890, -0.0218,
         0.1331, -0.2169,  0.1868,  0.1853, -0.2988, -0.2869,  0.1395,  0.0494,
        -0.2398,  0.4278, -0.1102, -0.0997, -0.1548,  0.2968,  0.3262,  0.1374],
       grad_fn=<SelectBackward0>) tensor([-0.1919,  0.0662,  0.4517, -0.1424, -0.5152, -0.7076, -0.3806,  0.4786,
        -0.0689, -0.6760, -0.3200,  0.2933, -0.7908, -0.3920, -0.1905,  0.1341,
        -0.0243, -0.3845, -0.2338, -0.6057,  0.3766,  0.5343, -0.2739,  0.3967,
         0.0744, -0.6344,  0.6157, -0.2843, -0.7004, -0.6754,  0.0351,  0.0123],
       grad_fn=<SelectBackward0>)
AUC: 0.7775591859731648
MAP: 0.0228697653631554
MRR: 0.1829324654460232
Prec@10: 0.03728375935966886
Rec@10: 0.058289230877599525
F1@10: 0.040109280776343986
NDCG@10: 0.05630725723146951
1-call@10: 0.2855667441260005
13.162844181060791
The time elapse of epoch 021 is: 00: 01: 06
tensor([ 0.0970, -0.4277, -0.3408, -0.1770,  0.0069,  0.0691,  0.2770, -0.0691,
         0.1535,  0.0736,  0.1210, -0.0753,  0.0721, -0.0113,  0.0796, -0.0156,
         0.1336, -0.2295,  0.1839,  0.1840, -0.3113, -0.2904,  0.1306,  0.0643,
        -0.2444,  0.4334, -0.0967, -0.1133, -0.1740,  0.2935,  0.3325,  0.1403],
       grad_fn=<SelectBackward0>) tensor([-0.1827,  0.0689,  0.4649, -0.1249, -0.5179, -0.7297, -0.3935,  0.4915,
        -0.0816, -0.6896, -0.3179,  0.3062, -0.8162, -0.3825, -0.1750,  0.1334,
        -0.0237, -0.3894, -0.2179, -0.6167,  0.3771,  0.5423, -0.2627,  0.3973,
         0.0592, -0.6450,  0.6252, -0.2919, -0.7246, -0.6851,  0.0428,  0.0312],
       grad_fn=<SelectBackward0>)
AUC: 0.7781878461489993
MAP: 0.022671989348563695
MRR: 0.18300477386457498
Prec@10: 0.03694810224632005
Rec@10: 0.05777553701707823
F1@10: 0.03978401120260685
NDCG@10: 0.05594132735106543
1-call@10: 0.28350116189000774
31.15838861465454
The time elapse of epoch 022 is: 00: 01: 19
tensor([ 0.0982, -0.4394, -0.3432, -0.1851,  0.0007,  0.0593,  0.2844, -0.0708,
         0.1535,  0.0745,  0.1273, -0.0805,  0.0669, -0.0174,  0.0894, -0.0155,
         0.1416, -0.2419,  0.1875,  0.1902, -0.3267, -0.3007,  0.1360,  0.0654,
        -0.2508,  0.4522, -0.0912, -0.1189, -0.1903,  0.3074,  0.3462,  0.1457],
       grad_fn=<SelectBackward0>) tensor([-0.1634,  0.0610,  0.4611, -0.1032, -0.5210, -0.7490, -0.3844,  0.4972,
        -0.0941, -0.7081, -0.3045,  0.3055, -0.8439, -0.3655, -0.1552,  0.1217,
        -0.0368, -0.3828, -0.1973, -0.6278,  0.3724,  0.5520, -0.2570,  0.3964,
         0.0423, -0.6606,  0.6412, -0.2981, -0.7499, -0.7015,  0.0395,  0.0507],
       grad_fn=<SelectBackward0>)
AUC: 0.7786918741978612
MAP: 0.022957493924734472
MRR: 0.18181526638149637
Prec@10: 0.03743867802736832
Rec@10: 0.05884236171154003
F1@10: 0.0403982117081819
NDCG@10: 0.05633257229734483
1-call@10: 0.28505034856700234
13.240281105041504
The time elapse of epoch 023 is: 00: 00: 54
tensor([ 0.0918, -0.4557, -0.3541, -0.1955, -0.0067,  0.0480,  0.2962, -0.0837,
         0.1637,  0.0739,  0.1280, -0.0845,  0.0591, -0.0245,  0.0951, -0.0120,
         0.1435, -0.2503,  0.1942,  0.1998, -0.3342, -0.3110,  0.1350,  0.0719,
        -0.2639,  0.4670, -0.0890, -0.1263, -0.2069,  0.3132,  0.3576,  0.1446],
       grad_fn=<SelectBackward0>) tensor([-0.1561,  0.0602,  0.4627, -0.0937, -0.5244, -0.7685, -0.3940,  0.5043,
        -0.0971, -0.7254, -0.3003,  0.3088, -0.8630, -0.3646, -0.1430,  0.1193,
        -0.0382, -0.3766, -0.1798, -0.6404,  0.3740,  0.5597, -0.2523,  0.4020,
         0.0297, -0.6764,  0.6534, -0.3006, -0.7681, -0.7162,  0.0449,  0.0650],
       grad_fn=<SelectBackward0>)
AUC: 0.7791105736450025
MAP: 0.02296873141554373
MRR: 0.1822795100874135
Prec@10: 0.03712884069196942
Rec@10: 0.05839528689521898
F1@10: 0.04008023665017944
NDCG@10: 0.05620180364745462
1-call@10: 0.28505034856700234
13.327003717422485
The time elapse of epoch 024 is: 00: 00: 55
tensor([ 0.0866, -0.4699, -0.3676, -0.2120, -0.0166,  0.0427,  0.3164, -0.0922,
         0.1816,  0.0722,  0.1285, -0.0924,  0.0471, -0.0330,  0.1019, -0.0078,
         0.1389, -0.2607,  0.2028,  0.2009, -0.3452, -0.3203,  0.1287,  0.0842,
        -0.2753,  0.4745, -0.0820, -0.1277, -0.2258,  0.3209,  0.3667,  0.1579],
       grad_fn=<SelectBackward0>) tensor([-0.1483,  0.0581,  0.4658, -0.0853, -0.5307, -0.7875, -0.4010,  0.5079,
        -0.0963, -0.7430, -0.2979,  0.3117, -0.8775, -0.3638, -0.1324,  0.1189,
        -0.0403, -0.3760, -0.1731, -0.6571,  0.3805,  0.5728, -0.2533,  0.4097,
         0.0210, -0.6989,  0.6712, -0.3030, -0.7833, -0.7336,  0.0580,  0.0737],
       grad_fn=<SelectBackward0>)
AUC: 0.7794425771464568
MAP: 0.022872607353392457
MRR: 0.18142270702301896
Prec@10: 0.03725793958171896
Rec@10: 0.058541083529482334
F1@10: 0.04021005167374228
NDCG@10: 0.05603876541762574
1-call@10: 0.28324296411050864
22.542341947555542
The time elapse of epoch 025 is: 00: 01: 12
tensor([ 0.0850, -0.4879, -0.3752, -0.2240, -0.0244,  0.0467,  0.3295, -0.1023,
         0.1971,  0.0842,  0.1343, -0.0907,  0.0451, -0.0374,  0.0991, -0.0057,
         0.1470, -0.2708,  0.2077,  0.2085, -0.3537, -0.3339,  0.1242,  0.0950,
        -0.2868,  0.4925, -0.0835, -0.1239, -0.2313,  0.3305,  0.3789,  0.1595],
       grad_fn=<SelectBackward0>) tensor([-0.1424,  0.0474,  0.4619, -0.0771, -0.5398, -0.8013, -0.4074,  0.5115,
        -0.0926, -0.7592, -0.2985,  0.3104, -0.8895, -0.3625, -0.1265,  0.1178,
        -0.0424, -0.3798, -0.1646, -0.6708,  0.3862,  0.5867, -0.2557,  0.4159,
         0.0121, -0.7171,  0.6891, -0.3075, -0.7927, -0.7520,  0.0685,  0.0794],
       grad_fn=<SelectBackward0>)
AUC: 0.7796528104708484
MAP: 0.02309148591031997
MRR: 0.18152177598343558
Prec@10: 0.037464497805318235
Rec@10: 0.058849038242460024
F1@10: 0.040391513782235114
NDCG@10: 0.05635341669572203
1-call@10: 0.2863413374644978
30.7959406375885
The time elapse of epoch 026 is: 00: 01: 23
tensor([ 0.0837, -0.4862, -0.3721, -0.2361, -0.0272,  0.0385,  0.3495, -0.1000,
         0.1898,  0.0818,  0.1439, -0.0935,  0.0330, -0.0432,  0.1021,  0.0029,
         0.1546, -0.2836,  0.2208,  0.2221, -0.3674, -0.3454,  0.1327,  0.1060,
        -0.2944,  0.5112, -0.0853, -0.1236, -0.2476,  0.3449,  0.3857,  0.1699],
       grad_fn=<SelectBackward0>) tensor([-0.1322,  0.0400,  0.4625, -0.0658, -0.5392, -0.8161, -0.4138,  0.5151,
        -0.0934, -0.7714, -0.2962,  0.3148, -0.9024, -0.3577, -0.1169,  0.1100,
        -0.0418, -0.3839, -0.1538, -0.6834,  0.3871,  0.5931, -0.2524,  0.4217,
         0.0025, -0.7325,  0.7048, -0.3093, -0.8069, -0.7686,  0.0764,  0.0917],
       grad_fn=<SelectBackward0>)
AUC: 0.7797152794301584
MAP: 0.02285906053536089
MRR: 0.18051515859416886
Prec@10: 0.03699974180221989
Rec@10: 0.058890260042764916
F1@10: 0.040033979135945426
NDCG@10: 0.055880058817096734
1-call@10: 0.28505034856700234
22.94950246810913
The time elapse of epoch 027 is: 00: 01: 18
tensor([ 0.0835, -0.4957, -0.3759, -0.2551, -0.0378,  0.0395,  0.3540, -0.1067,
         0.1963,  0.0727,  0.1440, -0.0888,  0.0295, -0.0494,  0.1013,  0.0065,
         0.1617, -0.2948,  0.2268,  0.2208, -0.3804, -0.3498,  0.1248,  0.1120,
        -0.3026,  0.5265, -0.0794, -0.1163, -0.2592,  0.3490,  0.3937,  0.1731],
       grad_fn=<SelectBackward0>) tensor([-0.1159,  0.0308,  0.4592, -0.0487, -0.5381, -0.8328, -0.4187,  0.5165,
        -0.0925, -0.7873, -0.2835,  0.3181, -0.9142, -0.3387, -0.1007,  0.1015,
        -0.0461, -0.3831, -0.1384, -0.6939,  0.3886,  0.5980, -0.2450,  0.4209,
        -0.0163, -0.7464,  0.7173, -0.3129, -0.8180, -0.7864,  0.0834,  0.1057],
       grad_fn=<SelectBackward0>)
AUC: 0.7798079649199238
MAP: 0.02306631476286545
MRR: 0.18079637248886085
Prec@10: 0.03687064291247033
Rec@10: 0.05819569433984291
F1@10: 0.03977375071123113
NDCG@10: 0.05587208703525654
1-call@10: 0.28324296411050864
25.139987230300903
The time elapse of epoch 028 is: 00: 01: 06
tensor([ 0.0832, -0.5160, -0.3841, -0.2787, -0.0432,  0.0363,  0.3680, -0.1118,
         0.2155,  0.0746,  0.1408, -0.1034,  0.0248, -0.0527,  0.0953,  0.0086,
         0.1616, -0.3011,  0.2289,  0.2261, -0.3974, -0.3618,  0.1173,  0.1198,
        -0.3100,  0.5337, -0.0768, -0.1180, -0.2762,  0.3503,  0.3948,  0.1830],
       grad_fn=<SelectBackward0>) tensor([-0.0949,  0.0223,  0.4539, -0.0271, -0.5292, -0.8427, -0.4199,  0.5174,
        -0.0989, -0.7886, -0.2701,  0.3216, -0.9257, -0.3197, -0.0817,  0.0894,
        -0.0513, -0.3762, -0.1144, -0.6933,  0.3828,  0.5933, -0.2321,  0.4148,
        -0.0384, -0.7500,  0.7192, -0.3130, -0.8250, -0.7899,  0.0789,  0.1280],
       grad_fn=<SelectBackward0>)
AUC: 0.7798274802089153
MAP: 0.023444353158042008
MRR: 0.1808314136160782
Prec@10: 0.0367415440227208
Rec@10: 0.057821078077300234
F1@10: 0.03953412744335075
NDCG@10: 0.05599532103614478
1-call@10: 0.2804027885360186
13.014245510101318
The time elapse of epoch 029 is: 00: 00: 56
tensor([ 0.0846, -0.5183, -0.3878, -0.2876, -0.0536,  0.0241,  0.3773, -0.1069,
         0.2244,  0.0653,  0.1352, -0.0991,  0.0170, -0.0552,  0.1024,  0.0128,
         0.1697, -0.3137,  0.2384,  0.2392, -0.4116, -0.3722,  0.1135,  0.1264,
        -0.3198,  0.5522, -0.0652, -0.1255, -0.2909,  0.3578,  0.3990,  0.1854],
       grad_fn=<SelectBackward0>) tensor([-0.0869,  0.0153,  0.4552, -0.0257, -0.5308, -0.8544, -0.4198,  0.5176,
        -0.0961, -0.8037, -0.2657,  0.3257, -0.9345, -0.3162, -0.0779,  0.0920,
        -0.0526, -0.3792, -0.1071, -0.7075,  0.3872,  0.5998, -0.2315,  0.4185,
        -0.0427, -0.7603,  0.7314, -0.3122, -0.8243, -0.8041,  0.0818,  0.1384],
       grad_fn=<SelectBackward0>)
AUC: 0.7797144319328306
MAP: 0.02339039780043531
MRR: 0.1802032348120664
Prec@10: 0.03676736380067072
Rec@10: 0.058052135937898666
F1@10: 0.039536766228239165
NDCG@10: 0.05598576689749202
1-call@10: 0.2804027885360186
13.341851711273193
The time elapse of epoch 030 is: 00: 01: 00
tensor([ 0.0899, -0.5235, -0.3927, -0.2952, -0.0583,  0.0159,  0.3830, -0.1080,
         0.2286,  0.0661,  0.1433, -0.0960,  0.0161, -0.0503,  0.1089,  0.0153,
         0.1674, -0.3244,  0.2490,  0.2492, -0.4291, -0.3889,  0.1122,  0.1285,
        -0.3250,  0.5734, -0.0594, -0.1325, -0.2954,  0.3721,  0.4051,  0.1871],
       grad_fn=<SelectBackward0>) tensor([-0.0843,  0.0106,  0.4608, -0.0116, -0.5359, -0.8693, -0.4257,  0.5230,
        -0.0974, -0.8149, -0.2659,  0.3320, -0.9503, -0.3156, -0.0670,  0.0921,
        -0.0455, -0.3900, -0.0978, -0.7303,  0.3932,  0.6129, -0.2262,  0.4320,
        -0.0524, -0.7718,  0.7456, -0.3167, -0.8337, -0.8258,  0.0881,  0.1526],
       grad_fn=<SelectBackward0>)
AUC: 0.7795731766285549
MAP: 0.02331206883537836
MRR: 0.17984774714054466
Prec@10: 0.03694810224632008
Rec@10: 0.05856758343877936
F1@10: 0.0397757681085343
NDCG@10: 0.05605984561204321
1-call@10: 0.2819519752130132
13.203404903411865
The time elapse of epoch 031 is: 00: 01: 04
tensor([ 0.0900, -0.5379, -0.4005, -0.3061, -0.0697,  0.0090,  0.3908, -0.1082,
         0.2384,  0.0650,  0.1484, -0.1012,  0.0082, -0.0590,  0.1039,  0.0171,
         0.1773, -0.3391,  0.2568,  0.2551, -0.4424, -0.3987,  0.1082,  0.1323,
        -0.3368,  0.5928, -0.0583, -0.1362, -0.3066,  0.3794,  0.4128,  0.1946],
       grad_fn=<SelectBackward0>) tensor([-7.4758e-02,  9.1588e-03,  4.6811e-01,  1.5077e-04, -5.4332e-01,
        -8.8432e-01, -4.3262e-01,  5.2453e-01, -9.5628e-02, -8.3088e-01,
        -2.6631e-01,  3.3628e-01, -9.6621e-01, -3.1316e-01, -5.9451e-02,
         9.0586e-02, -4.6190e-02, -3.9726e-01, -8.7687e-02, -7.4574e-01,
         3.9727e-01,  6.1990e-01, -2.2683e-01,  4.4187e-01, -6.2274e-02,
        -7.8818e-01,  7.5790e-01, -3.2124e-01, -8.4196e-01, -8.4206e-01,
         9.2058e-02,  1.6649e-01], grad_fn=<SelectBackward0>)
AUC: 0.7794102825440957
MAP: 0.023497331705998034
MRR: 0.18002366999268768
Prec@10: 0.03684482313452045
Rec@10: 0.058576355032492214
F1@10: 0.039689200559444825
NDCG@10: 0.056164279087588066
1-call@10: 0.2819519752130132
17.28006362915039
The time elapse of epoch 032 is: 00: 00: 59
tensor([ 0.0879, -0.5514, -0.4109, -0.3183, -0.0713,  0.0144,  0.3940, -0.1204,
         0.2495,  0.0660,  0.1572, -0.1039,  0.0035, -0.0562,  0.1068,  0.0173,
         0.1829, -0.3502,  0.2654,  0.2600, -0.4589, -0.4132,  0.1056,  0.1342,
        -0.3413,  0.6088, -0.0572, -0.1426, -0.3071,  0.3920,  0.4237,  0.2014],
       grad_fn=<SelectBackward0>) tensor([-0.0594,  0.0057,  0.4728,  0.0147, -0.5439, -0.9011, -0.4348,  0.5246,
        -0.0918, -0.8499, -0.2668,  0.3344, -0.9779, -0.3087, -0.0449,  0.0876,
        -0.0399, -0.4020, -0.0703, -0.7629,  0.4027,  0.6352, -0.2248,  0.4507,
        -0.0698, -0.8040,  0.7747, -0.3225, -0.8534, -0.8598,  0.1001,  0.1787],
       grad_fn=<SelectBackward0>)
AUC: 0.7791286043653137
MAP: 0.02344291004768771
MRR: 0.1799158640367021
Prec@10: 0.036560805577071455
Rec@10: 0.05809042224231513
F1@10: 0.03937586733950186
NDCG@10: 0.05587147321968011
1-call@10: 0.2796281951975213
26.500016927719116
The time elapse of epoch 033 is: 00: 01: 22
tensor([ 0.0831, -0.5627, -0.4203, -0.3385, -0.0800,  0.0093,  0.4040, -0.1246,
         0.2583,  0.0600,  0.1571, -0.1056, -0.0065, -0.0693,  0.1011,  0.0255,
         0.1826, -0.3681,  0.2665,  0.2614, -0.4796, -0.4286,  0.0957,  0.1386,
        -0.3437,  0.6184, -0.0541, -0.1522, -0.3215,  0.3870,  0.4313,  0.2076],
       grad_fn=<SelectBackward0>) tensor([-0.0459, -0.0038,  0.4727,  0.0288, -0.5499, -0.9131, -0.4356,  0.5209,
        -0.0895, -0.8639, -0.2595,  0.3336, -0.9921, -0.2952, -0.0355,  0.0869,
        -0.0412, -0.4012, -0.0571, -0.7759,  0.4060,  0.6446, -0.2246,  0.4529,
        -0.0793, -0.8205,  0.7894, -0.3199, -0.8628, -0.8772,  0.1111,  0.1876],
       grad_fn=<SelectBackward0>)
AUC: 0.7789159063960519
MAP: 0.023389794042987612
MRR: 0.17929509025558726
Prec@10: 0.036018590240123355
Rec@10: 0.05724795524445127
F1@10: 0.0387898960695157
NDCG@10: 0.05535327547810774
1-call@10: 0.27601342628453396
31.593929767608643
The time elapse of epoch 034 is: 00: 01: 28
tensor([ 8.4705e-02, -5.8135e-01, -4.3235e-01, -3.5323e-01, -8.7444e-02,
         9.5309e-05,  4.1381e-01, -1.3410e-01,  2.6054e-01,  6.0448e-02,
         1.6322e-01, -1.0414e-01, -1.8335e-02, -6.4032e-02,  1.0489e-01,
         3.4399e-02,  1.8573e-01, -3.8109e-01,  2.6878e-01,  2.7190e-01,
        -4.9622e-01, -4.4029e-01,  9.0365e-02,  1.4703e-01, -3.5664e-01,
         6.2426e-01, -5.1973e-02, -1.5513e-01, -3.2829e-01,  3.8595e-01,
         4.3744e-01,  2.0934e-01], grad_fn=<SelectBackward0>) tensor([-0.0302, -0.0055,  0.4693,  0.0493, -0.5458, -0.9270, -0.4361,  0.5285,
        -0.0966, -0.8692, -0.2540,  0.3357, -1.0090, -0.2842, -0.0220,  0.0798,
        -0.0441, -0.3981, -0.0411, -0.7823,  0.4050,  0.6540, -0.2173,  0.4527,
        -0.0920, -0.8283,  0.7981, -0.3252, -0.8708, -0.8895,  0.1147,  0.2006],
       grad_fn=<SelectBackward0>)
AUC: 0.7786577664597121
MAP: 0.023186442715115885
MRR: 0.1786684017706494
Prec@10: 0.03614768912987291
Rec@10: 0.057904235569606964
F1@10: 0.03905863539851697
NDCG@10: 0.05529455197350772
1-call@10: 0.2773044151820294
14.23793888092041
The time elapse of epoch 035 is: 00: 01: 08
tensor([ 0.0868, -0.5900, -0.4444, -0.3695, -0.1009, -0.0104,  0.4338, -0.1413,
         0.2653,  0.0435,  0.1641, -0.1058, -0.0338, -0.0723,  0.1084,  0.0450,
         0.1944, -0.3899,  0.2750,  0.2747, -0.5090, -0.4469,  0.0870,  0.1528,
        -0.3592,  0.6360, -0.0492, -0.1586, -0.3421,  0.3955,  0.4417,  0.2110],
       grad_fn=<SelectBackward0>) tensor([-0.0086, -0.0166,  0.4616,  0.0602, -0.5381, -0.9301, -0.4316,  0.5242,
        -0.0904, -0.8700, -0.2431,  0.3294, -1.0143, -0.2730, -0.0107,  0.0718,
        -0.0446, -0.3884, -0.0239, -0.7800,  0.4062,  0.6528, -0.2054,  0.4568,
        -0.1057, -0.8362,  0.8042, -0.3226, -0.8690, -0.8997,  0.1243,  0.2190],
       grad_fn=<SelectBackward0>)
AUC: 0.7783799576179199
MAP: 0.02304141037720744
MRR: 0.17711227579546818
Prec@10: 0.035760392460624284
Rec@10: 0.05711237606316081
F1@10: 0.03857139413527128
NDCG@10: 0.054633525878180926
1-call@10: 0.2736896462690421
12.954746723175049
The time elapse of epoch 036 is: 00: 00: 57
tensor([ 0.0932, -0.5928, -0.4513, -0.3712, -0.1044, -0.0199,  0.4476, -0.1444,
         0.2676,  0.0471,  0.1776, -0.1086, -0.0434, -0.0740,  0.1121,  0.0443,
         0.1973, -0.3948,  0.2872,  0.2869, -0.5166, -0.4573,  0.0909,  0.1555,
        -0.3649,  0.6544, -0.0458, -0.1566, -0.3519,  0.4094,  0.4544,  0.2101],
       grad_fn=<SelectBackward0>) tensor([-0.0015, -0.0249,  0.4588,  0.0686, -0.5416, -0.9353, -0.4310,  0.5250,
        -0.0949, -0.8782, -0.2424,  0.3354, -1.0272, -0.2706, -0.0040,  0.0681,
        -0.0381, -0.3889, -0.0127, -0.7874,  0.4131,  0.6620, -0.2085,  0.4604,
        -0.1098, -0.8438,  0.8113, -0.3207, -0.8799, -0.9067,  0.1316,  0.2229],
       grad_fn=<SelectBackward0>)
AUC: 0.7780359483105923
MAP: 0.02296305444250405
MRR: 0.17746005106578427
Prec@10: 0.035321456235475834
Rec@10: 0.056428984848993606
F1@10: 0.038078273702167945
NDCG@10: 0.05432985091484687
1-call@10: 0.2729150529305448
13.17332911491394
The time elapse of epoch 037 is: 00: 00: 54
tensor([ 0.1034, -0.6044, -0.4633, -0.3779, -0.1085, -0.0281,  0.4567, -0.1554,
         0.2698,  0.0498,  0.1863, -0.1060, -0.0468, -0.0823,  0.1113,  0.0434,
         0.2002, -0.3962,  0.2950,  0.2966, -0.5318, -0.4699,  0.0914,  0.1503,
        -0.3768,  0.6709, -0.0477, -0.1500, -0.3567,  0.4224,  0.4558,  0.2154],
       grad_fn=<SelectBackward0>) tensor([ 0.0013, -0.0270,  0.4601,  0.0720, -0.5408, -0.9360, -0.4303,  0.5243,
        -0.0940, -0.8810, -0.2393,  0.3384, -1.0320, -0.2686,  0.0020,  0.0689,
        -0.0295, -0.3911, -0.0039, -0.7936,  0.4202,  0.6656, -0.2054,  0.4699,
        -0.1133, -0.8499,  0.8174, -0.3157, -0.8837, -0.9127,  0.1380,  0.2252],
       grad_fn=<SelectBackward0>)
AUC: 0.7776423212610576
MAP: 0.022917238368919887
MRR: 0.1772685823228049
Prec@10: 0.03485670023237747
Rec@10: 0.055487472384187324
F1@10: 0.037606595777503374
NDCG@10: 0.053880943074508386
1-call@10: 0.26930028401755746
13.815164804458618
The time elapse of epoch 038 is: 00: 01: 02
tensor([ 0.1042, -0.6126, -0.4690, -0.3862, -0.1183, -0.0375,  0.4544, -0.1531,
         0.2765,  0.0453,  0.2053, -0.1030, -0.0534, -0.0869,  0.1154,  0.0410,
         0.2009, -0.4075,  0.3034,  0.3074, -0.5493, -0.4795,  0.0886,  0.1520,
        -0.3858,  0.6921, -0.0498, -0.1481, -0.3668,  0.4316,  0.4550,  0.2132],
       grad_fn=<SelectBackward0>) tensor([ 0.0096, -0.0335,  0.4577,  0.0807, -0.5435, -0.9452, -0.4348,  0.5229,
        -0.0915, -0.8869, -0.2369,  0.3424, -1.0414, -0.2650,  0.0100,  0.0646,
        -0.0217, -0.3933,  0.0046, -0.8017,  0.4307,  0.6696, -0.2013,  0.4734,
        -0.1164, -0.8583,  0.8258, -0.3102, -0.8889, -0.9281,  0.1459,  0.2409],
       grad_fn=<SelectBackward0>)
AUC: 0.777306857917663
MAP: 0.022782548361354904
MRR: 0.17662088033892934
Prec@10: 0.034521043119028684
Rec@10: 0.0553136577635082
F1@10: 0.037319341250741975
NDCG@10: 0.05349011275304356
1-call@10: 0.26516911954557193
30.275133848190308
The time elapse of epoch 039 is: 00: 01: 26
tensor([ 0.1094, -0.6129, -0.4724, -0.3965, -0.1163, -0.0440,  0.4566, -0.1587,
         0.2779,  0.0480,  0.2165, -0.1050, -0.0510, -0.0907,  0.1243,  0.0435,
         0.2076, -0.4104,  0.3170,  0.3265, -0.5674, -0.4961,  0.0947,  0.1536,
        -0.3973,  0.7054, -0.0605, -0.1524, -0.3728,  0.4485,  0.4609,  0.2282],
       grad_fn=<SelectBackward0>) tensor([ 0.0137, -0.0364,  0.4569,  0.0941, -0.5414, -0.9483, -0.4373,  0.5175,
        -0.0949, -0.8921, -0.2401,  0.3529, -1.0500, -0.2530,  0.0126,  0.0642,
        -0.0154, -0.3928,  0.0190, -0.8117,  0.4322,  0.6709, -0.1924,  0.4812,
        -0.1277, -0.8591,  0.8283, -0.3010, -0.8899, -0.9356,  0.1572,  0.2496],
       grad_fn=<SelectBackward0>)
AUC: 0.7769768362910031
MAP: 0.022507911980257058
MRR: 0.1757767356721665
Prec@10: 0.0342628453395296
Rec@10: 0.05484270164762124
F1@10: 0.03701279877127539
NDCG@10: 0.053023354546619536
1-call@10: 0.2646527239865737
32.0146803855896
The time elapse of epoch 040 is: 00: 01: 24
tensor([ 0.1030, -0.6186, -0.4719, -0.4111, -0.1286, -0.0541,  0.4697, -0.1491,
         0.2893,  0.0341,  0.2152, -0.1059, -0.0648, -0.0948,  0.1219,  0.0529,
         0.2154, -0.4151,  0.3255,  0.3233, -0.5769, -0.4996,  0.0843,  0.1586,
        -0.3974,  0.7088, -0.0609, -0.1534, -0.3858,  0.4552,  0.4607,  0.2280],
       grad_fn=<SelectBackward0>) tensor([ 0.0259, -0.0371,  0.4605,  0.1078, -0.5478, -0.9630, -0.4376,  0.5189,
        -0.0978, -0.9091, -0.2390,  0.3557, -1.0672, -0.2457,  0.0224,  0.0658,
        -0.0110, -0.3988,  0.0294, -0.8292,  0.4364,  0.6802, -0.1885,  0.4848,
        -0.1356, -0.8743,  0.8430, -0.2989, -0.8998, -0.9516,  0.1708,  0.2610],
       grad_fn=<SelectBackward0>)
AUC: 0.7765962369138092
MAP: 0.022566468996943544
MRR: 0.17590018066393062
Prec@10: 0.03439194422927917
Rec@10: 0.055348882546630444
F1@10: 0.03727250215968954
NDCG@10: 0.05318346383213382
1-call@10: 0.26516911954557193
13.654693841934204
The time elapse of epoch 041 is: 00: 01: 05
tensor([ 0.1009, -0.6235, -0.4702, -0.4199, -0.1463, -0.0699,  0.4787, -0.1554,
         0.2950,  0.0276,  0.2199, -0.1062, -0.0777, -0.0959,  0.1241,  0.0680,
         0.2225, -0.4281,  0.3259,  0.3274, -0.5928, -0.5115,  0.0845,  0.1729,
        -0.4076,  0.7176, -0.0548, -0.1516, -0.3939,  0.4600,  0.4647,  0.2263],
       grad_fn=<SelectBackward0>) tensor([ 0.0371, -0.0413,  0.4569,  0.1203, -0.5471, -0.9687, -0.4371,  0.5211,
        -0.0996, -0.9107, -0.2288,  0.3613, -1.0735, -0.2377,  0.0299,  0.0610,
        -0.0113, -0.4005,  0.0371, -0.8346,  0.4364,  0.6858, -0.1820,  0.4877,
        -0.1478, -0.8749,  0.8442, -0.3008, -0.9026, -0.9515,  0.1734,  0.2665],
       grad_fn=<SelectBackward0>)
AUC: 0.7762132140638556
MAP: 0.02259198106914735
MRR: 0.17580255545011642
Prec@10: 0.03423702556157971
Rec@10: 0.05516957154917721
F1@10: 0.0371522920488791
NDCG@10: 0.0530913311396367
1-call@10: 0.2646527239865737
27.458306789398193
The time elapse of epoch 042 is: 00: 01: 21
tensor([ 0.0987, -0.6332, -0.4748, -0.4337, -0.1568, -0.0795,  0.4854, -0.1552,
         0.2969,  0.0294,  0.2237, -0.1110, -0.0967, -0.1010,  0.1221,  0.0632,
         0.2305, -0.4310,  0.3342,  0.3310, -0.6035, -0.5197,  0.0734,  0.1753,
        -0.4172,  0.7263, -0.0467, -0.1504, -0.4035,  0.4680,  0.4672,  0.2291],
       grad_fn=<SelectBackward0>) tensor([ 0.0373, -0.0459,  0.4521,  0.1324, -0.5411, -0.9678, -0.4391,  0.5279,
        -0.0966, -0.9108, -0.2304,  0.3664, -1.0822, -0.2305,  0.0357,  0.0581,
        -0.0133, -0.3968,  0.0492, -0.8389,  0.4304,  0.6795, -0.1762,  0.4867,
        -0.1541, -0.8806,  0.8402, -0.2995, -0.9033, -0.9571,  0.1760,  0.2726],
       grad_fn=<SelectBackward0>)
AUC: 0.7758384918463727
MAP: 0.022620637976461137
MRR: 0.17584377208699517
Prec@10: 0.03405628711593033
Rec@10: 0.05497098122991895
F1@10: 0.036970459237184165
NDCG@10: 0.05302784786846953
1-call@10: 0.2638781306480764
32.90110111236572
The time elapse of epoch 043 is: 00: 01: 29
tensor([ 0.0957, -0.6407, -0.4808, -0.4415, -0.1625, -0.0878,  0.4935, -0.1607,
         0.3078,  0.0300,  0.2260, -0.1165, -0.1049, -0.1062,  0.1180,  0.0575,
         0.2308, -0.4375,  0.3391,  0.3403, -0.6178, -0.5310,  0.0643,  0.1791,
        -0.4256,  0.7409, -0.0441, -0.1498, -0.4156,  0.4733,  0.4739,  0.2331],
       grad_fn=<SelectBackward0>) tensor([ 0.0435, -0.0475,  0.4548,  0.1383, -0.5448, -0.9783, -0.4481,  0.5297,
        -0.0931, -0.9176, -0.2284,  0.3664, -1.0874, -0.2234,  0.0431,  0.0601,
        -0.0135, -0.4000,  0.0559, -0.8450,  0.4314,  0.6842, -0.1707,  0.4939,
        -0.1643, -0.8893,  0.8440, -0.2994, -0.9022, -0.9693,  0.1848,  0.2799],
       grad_fn=<SelectBackward0>)
AUC: 0.7754016187662075
MAP: 0.02244294315058658
MRR: 0.17493602805376715
Prec@10: 0.03434030467337933
Rec@10: 0.05536912022156235
F1@10: 0.03719833846537937
NDCG@10: 0.052984257631523486
1-call@10: 0.265427317325071
13.251880884170532
The time elapse of epoch 044 is: 00: 01: 01
tensor([ 0.1003, -0.6482, -0.4876, -0.4458, -0.1607, -0.0908,  0.5036, -0.1641,
         0.3109,  0.0345,  0.2314, -0.1126, -0.1075, -0.1104,  0.1237,  0.0601,
         0.2361, -0.4333,  0.3510,  0.3535, -0.6333, -0.5487,  0.0678,  0.1768,
        -0.4354,  0.7551, -0.0449, -0.1442, -0.4161,  0.4856,  0.4785,  0.2360],
       grad_fn=<SelectBackward0>) tensor([ 0.0545, -0.0507,  0.4512,  0.1495, -0.5475, -0.9893, -0.4504,  0.5389,
        -0.0992, -0.9265, -0.2257,  0.3693, -1.1025, -0.2178,  0.0494,  0.0465,
        -0.0213, -0.3960,  0.0667, -0.8527,  0.4317,  0.6870, -0.1636,  0.4972,
        -0.1783, -0.8946,  0.8427, -0.3067, -0.9020, -0.9743,  0.1867,  0.2922],
       grad_fn=<SelectBackward0>)
AUC: 0.7749859780403414
MAP: 0.022204612609184986
MRR: 0.17421602696583402
Prec@10: 0.034082106893880235
Rec@10: 0.054913102923832946
F1@10: 0.03689749320385691
NDCG@10: 0.052547813631886174
1-call@10: 0.26310353730957914
13.605413675308228
The time elapse of epoch 045 is: 00: 00: 55
tensor([ 0.0967, -0.6542, -0.4930, -0.4557, -0.1729, -0.1049,  0.5088, -0.1685,
         0.3222,  0.0268,  0.2340, -0.1095, -0.1142, -0.1104,  0.1275,  0.0606,
         0.2321, -0.4392,  0.3476,  0.3586, -0.6384, -0.5604,  0.0632,  0.1823,
        -0.4429,  0.7614, -0.0419, -0.1479, -0.4285,  0.4930,  0.4814,  0.2408],
       grad_fn=<SelectBackward0>) tensor([ 0.0599, -0.0559,  0.4498,  0.1547, -0.5507, -0.9947, -0.4476,  0.5378,
        -0.1012, -0.9392, -0.2245,  0.3717, -1.1122, -0.2146,  0.0553,  0.0441,
        -0.0150, -0.3985,  0.0723, -0.8620,  0.4349,  0.6951, -0.1708,  0.5018,
        -0.1792, -0.9075,  0.8530, -0.3024, -0.9128, -0.9858,  0.1959,  0.3033],
       grad_fn=<SelectBackward0>)
AUC: 0.7746427951560865
MAP: 0.02191383129089048
MRR: 0.17372857154034602
Prec@10: 0.03397882778208061
Rec@10: 0.05427911545823934
F1@10: 0.03666396436779466
NDCG@10: 0.052130248269607285
1-call@10: 0.2618125484120837
13.28811502456665
The time elapse of epoch 046 is: 00: 00: 54
forrtl: error (200): program aborting due to control-C event
Image              PC                Routine            Line        Source             
libifcoremd.dll    00007FFB1202DF54  Unknown               Unknown  Unknown
KERNELBASE.dll     00007FFBB98B3157  Unknown               Unknown  Unknown
KERNEL32.DLL       00007FFBBA70244D  Unknown               Unknown  Unknown
ntdll.dll          00007FFBBBF4DFB8  Unknown               Unknown  Unknown
forrtl: error (200): program aborting due to control-C event
Image              PC                Routine            Line        Source             
libifcoremd.dll    00007FFB1202DF54  Unknown               Unknown  Unknown
KERNELBASE.dll     00007FFBB98B3157  Unknown               Unknown  Unknown
KERNEL32.DLL       00007FFBBA70244D  Unknown               Unknown  Unknown
ntdll.dll          00007FFBBBF4DFB8  Unknown               Unknown  Unknown
forrtl: error (200): program aborting due to control-C event
Image              PC                Routine            Line        Source             
libifcoremd.dll    00007FFB1202DF54  Unknown               Unknown  Unknown
KERNELBASE.dll     00007FFBB98B3157  Unknown               Unknown  Unknown
KERNEL32.DLL       00007FFBBA70244D  Unknown               Unknown  Unknown
ntdll.dll          00007FFBBBF4DFB8  Unknown               Unknown  Unknown
forrtl: error (200): program aborting due to control-C event
Image              PC                Routine            Line        Source             
libifcoremd.dll    00007FFB1202DF54  Unknown               Unknown  Unknown
KERNELBASE.dll     00007FFBB98B3157  Unknown               Unknown  Unknown
KERNEL32.DLL       00007FFBBA70244D  Unknown               Unknown  Unknown
ntdll.dll          00007FFBBBF4DFB8  Unknown               Unknown  Unknown
forrtl: error (200): program aborting due to control-C event
Image              PC                Routine            Line        Source             
libifcoremd.dll    00007FFB1202DF54  Unknown               Unknown  Unknown
KERNELBASE.dll     00007FFBB98B3157  Unknown               Unknown  Unknown
KERNEL32.DLL       00007FFBBA70244D  Unknown               Unknown  Unknown
ntdll.dll          00007FFBBBF4DFB8  Unknown               Unknown  Unknown

Process finished with exit code 0
