C:\Users\10922\.conda\envs\python38\python.exe C:/Users/10922/Desktop/pdfs/AIC/project/BPR_MF3/main.py 
tensor([ 1.1376e-03,  5.3248e-03,  2.3286e-02, -1.5391e-02, -2.4688e-03,
         1.8677e-02, -1.3854e-03,  1.7263e-02, -3.6952e-04, -3.8531e-03,
        -1.7979e-02, -8.4238e-03, -7.1380e-05,  2.5387e-02,  1.7493e-02,
         2.2530e-02,  6.0958e-03, -3.0060e-02,  1.6207e-02, -4.3195e-02,
         1.0615e-02,  1.7219e-02, -1.3088e-02,  2.9705e-02, -1.4287e-02,
         2.3748e-03, -6.3249e-03, -2.1491e-02, -1.4371e-02, -1.7585e-03,
         1.6245e-03, -1.5387e-02], grad_fn=<SelectBackward0>) tensor([-0.0142, -0.0124, -0.0077, -0.0337,  0.0133, -0.0178,  0.0042, -0.0143,
         0.0022, -0.0042,  0.0202, -0.0101, -0.0093,  0.0209,  0.0139, -0.0045,
        -0.0088,  0.0130, -0.0202,  0.0112, -0.0291,  0.0205,  0.0127, -0.0409,
         0.0146, -0.0170,  0.0155, -0.0232,  0.0022, -0.0342,  0.0090,  0.0157],
       grad_fn=<SelectBackward0>)
The test AUC is: 0.6182968185050701
total_test_data_count: 3873
MAP: 0.008480524320325825
MRR: 0.13626008713149446
Prec@10: 0.017893106119287436
Rec@10: 0.02186635922798602
F1@10: 0.017780551805409165
NDCG@10: 0.024367054997792507
1-call@10: 0.14510715207849212
13.483047485351562
The time elapse of epoch 000 is: 00: 01: 19
tensor([ 0.0084,  0.0128,  0.0508, -0.0097, -0.0182,  0.0366,  0.0024,  0.0247,
         0.0072, -0.0109, -0.0383, -0.0037,  0.0023,  0.0502,  0.0585,  0.0321,
         0.0102, -0.0532,  0.0303, -0.0611,  0.0284,  0.0339, -0.0363,  0.0458,
        -0.0409,  0.0189, -0.0036, -0.0394, -0.0413, -0.0164, -0.0105, -0.0455],
       grad_fn=<SelectBackward0>) tensor([-0.0464, -0.0166, -0.0658, -0.0853,  0.0760, -0.0337,  0.0160,  0.0107,
         0.0222,  0.0138,  0.0808, -0.0660, -0.0162, -0.0007, -0.0104, -0.0177,
         0.0041,  0.0518, -0.0474, -0.0315, -0.0455,  0.0616,  0.0521, -0.0734,
         0.0637, -0.0738,  0.0048, -0.0688,  0.0235,  0.0033,  0.0611,  0.0780],
       grad_fn=<SelectBackward0>)
The test AUC is: 0.7224141135296716
total_test_data_count: 3873
MAP: 0.018919752130389433
MRR: 0.1775581978912751
Prec@10: 0.03341079266718265
Rec@10: 0.04603739797218684
F1@10: 0.034139902341039315
NDCG@10: 0.04892600793124539
1-call@10: 0.24193131939065324
12.865726232528687
The time elapse of epoch 001 is: 00: 01: 19
tensor([ 0.0370,  0.0145,  0.0907,  0.0212, -0.0504,  0.0581, -0.0084,  0.0174,
         0.0064, -0.0158, -0.0690,  0.0182,  0.0053,  0.0805,  0.0992,  0.0616,
         0.0101, -0.0831,  0.0535, -0.0470,  0.0467,  0.0194, -0.0671,  0.0755,
        -0.0735,  0.0524, -0.0096, -0.0360, -0.0783, -0.0436, -0.0429, -0.0803],
       grad_fn=<SelectBackward0>) tensor([-0.0999, -0.0226, -0.1263, -0.1528,  0.1436, -0.0682,  0.0581,  0.0567,
         0.0511,  0.0464,  0.1495, -0.1325, -0.0397, -0.0516, -0.0573, -0.0492,
         0.0156,  0.1155, -0.0676, -0.0877, -0.0816,  0.1120,  0.1074, -0.1137,
         0.1199, -0.1382,  0.0068, -0.1254,  0.0755,  0.0583,  0.1139,  0.1478],
       grad_fn=<SelectBackward0>)
The test AUC is: 0.7281823229511408
total_test_data_count: 3873
MAP: 0.02072965387785721
MRR: 0.18109215425249756
Prec@10: 0.03568293312677462
Rec@10: 0.0505029921962789
F1@10: 0.03669099812946971
NDCG@10: 0.052525311816632864
1-call@10: 0.2581977794990963
13.234340906143188
The time elapse of epoch 002 is: 00: 01: 12
tensor([ 0.0606,  0.0139,  0.1200,  0.0416, -0.0765,  0.0843, -0.0256,  0.0109,
        -0.0151, -0.0146, -0.0883,  0.0333,  0.0202,  0.1009,  0.1247,  0.1055,
         0.0148, -0.1062,  0.0758, -0.0352,  0.0709,  0.0083, -0.0892,  0.0997,
        -0.1045,  0.0739, -0.0292, -0.0311, -0.1006, -0.0617, -0.0702, -0.1042],
       grad_fn=<SelectBackward0>) tensor([-0.1612, -0.0083, -0.1875, -0.2191,  0.2063, -0.1124,  0.1082,  0.1105,
         0.0914,  0.0665,  0.2178, -0.1930, -0.0683, -0.1084, -0.1111, -0.1046,
         0.0346,  0.1817, -0.0950, -0.1525, -0.1300,  0.1745,  0.1670, -0.1548,
         0.1837, -0.2004,  0.0108, -0.1786,  0.1349,  0.1118,  0.1719,  0.2111],
       grad_fn=<SelectBackward0>)
The test AUC is: 0.7328979290405943
total_test_data_count: 3873
MAP: 0.020558570518728732
MRR: 0.1805854085095007
Prec@10: 0.03557965401497499
Rec@10: 0.05027222136358367
F1@10: 0.03672423031344495
NDCG@10: 0.05224621018454049
1-call@10: 0.26052155951458816
12.691919088363647
The time elapse of epoch 003 is: 00: 01: 10
tensor([ 0.0785,  0.0186,  0.1405,  0.0530, -0.0898,  0.1130, -0.0307,  0.0045,
        -0.0101, -0.0127, -0.1084,  0.0396,  0.0267,  0.1152,  0.1458,  0.1325,
         0.0155, -0.1229,  0.1139, -0.0262,  0.0992,  0.0075, -0.1030,  0.1407,
        -0.1219,  0.0849, -0.0524, -0.0353, -0.1219, -0.0740, -0.0884, -0.1210],
       grad_fn=<SelectBackward0>) tensor([-0.2006,  0.0015, -0.2237, -0.2557,  0.2416, -0.1326,  0.1371,  0.1360,
         0.1147,  0.0838,  0.2524, -0.2249, -0.0814, -0.1316, -0.1370, -0.1294,
         0.0462,  0.2178, -0.1171, -0.1877, -0.1528,  0.2050,  0.2018, -0.1871,
         0.2188, -0.2333,  0.0115, -0.2142,  0.1606,  0.1339,  0.2050,  0.2446],
       grad_fn=<SelectBackward0>)
the validation AUC is : 0.7335136578825634
total_test_data_count: 3873
MAP: 0.02106481958521896
MRR: 0.18104674609322444
Prec@10: 0.036121869351923054
Rec@10: 0.0518066486976061
F1@10: 0.037395883623115904
NDCG@10: 0.05316138226468716
1-call@10: 0.2643945262070746
13.293027877807617
The time elapse of epoch 004 is: 00: 01: 20
tensor([ 0.0954,  0.0236,  0.1654,  0.0685, -0.1095,  0.1470, -0.0355, -0.0063,
        -0.0251, -0.0360, -0.1257,  0.0517,  0.0414,  0.1311,  0.1694,  0.1658,
         0.0114, -0.1391,  0.1219, -0.0055,  0.1210, -0.0051, -0.1230,  0.1657,
        -0.1414,  0.1036, -0.0576, -0.0292, -0.1461, -0.0901, -0.1118, -0.1413],
       grad_fn=<SelectBackward0>) tensor([-0.2492,  0.0067, -0.2652, -0.3026,  0.2841, -0.1587,  0.1673,  0.1663,
         0.1464,  0.1002,  0.2978, -0.2633, -0.1002, -0.1639, -0.1723, -0.1710,
         0.0702,  0.2608, -0.1578, -0.2334, -0.1962,  0.2405,  0.2416, -0.2254,
         0.2598, -0.2713,  0.0164, -0.2569,  0.1929,  0.1618,  0.2424,  0.2847],
       grad_fn=<SelectBackward0>)
The test AUC is: 0.7424548998694146
total_test_data_count: 3873
MAP: 0.020951152010421973
MRR: 0.18030427844525695
Prec@10: 0.0366124451329713
Rec@10: 0.052764392958749295
F1@10: 0.03804825454691542
NDCG@10: 0.05336264655698442
1-call@10: 0.2713658662535502
13.001490831375122
The time elapse of epoch 005 is: 00: 01: 10
tensor([ 0.1101,  0.0306,  0.1868,  0.0809, -0.1235,  0.1680, -0.0384, -0.0069,
        -0.0367, -0.0375, -0.1372,  0.0583,  0.0591,  0.1430,  0.1927,  0.1935,
         0.0039, -0.1503,  0.1430,  0.0045,  0.1401, -0.0104, -0.1374,  0.2086,
        -0.1594,  0.1150, -0.0714, -0.0285, -0.1666, -0.1032, -0.1301, -0.1548],
       grad_fn=<SelectBackward0>) tensor([-0.2907,  0.0124, -0.2936, -0.3367,  0.3113, -0.1784,  0.1858,  0.1791,
         0.1687,  0.1153,  0.3300, -0.2875, -0.1062, -0.1849, -0.1905, -0.1891,
         0.0854,  0.2933, -0.1922, -0.2637, -0.2356,  0.2681,  0.2704, -0.2667,
         0.2901, -0.2986,  0.0214, -0.2855,  0.2139,  0.1780,  0.2633,  0.3127],
       grad_fn=<SelectBackward0>)
The test AUC is: 0.7467818456938544
total_test_data_count: 3873
MAP: 0.02154554999627331
MRR: 0.18026661063067215
Prec@10: 0.03738703847146856
Rec@10: 0.055345777227877264
F1@10: 0.039163167389438314
NDCG@10: 0.054569169105190114
1-call@10: 0.27601342628453396
17.06502103805542
The time elapse of epoch 006 is: 00: 01: 16
tensor([ 0.1153,  0.0230,  0.1966,  0.0822, -0.1292,  0.1878, -0.0332,  0.0004,
        -0.0337, -0.0491, -0.1405,  0.0542,  0.0798,  0.1458,  0.2062,  0.2117,
         0.0048, -0.1529,  0.1526,  0.0055,  0.1566, -0.0057, -0.1442,  0.2349,
        -0.1695,  0.1150, -0.0821, -0.0343, -0.1795, -0.1070, -0.1363, -0.1630],
       grad_fn=<SelectBackward0>) tensor([-0.3273,  0.0132, -0.3223, -0.3754,  0.3444, -0.1929,  0.2141,  0.1901,
         0.1871,  0.1278,  0.3645, -0.3149, -0.1217, -0.2071, -0.2105, -0.2081,
         0.1030,  0.3235, -0.2291, -0.2973, -0.2709,  0.2960,  0.3011, -0.3048,
         0.3258, -0.3243,  0.0296, -0.3177,  0.2379,  0.1941,  0.2863,  0.3444],
       grad_fn=<SelectBackward0>)
The test AUC is: 0.7505535518899972
total_test_data_count: 3873
MAP: 0.021687931453470432
MRR: 0.1803029371580908
Prec@10: 0.03774851536276727
Rec@10: 0.0559308345665958
F1@10: 0.0395431337403168
NDCG@10: 0.05495294958389674
1-call@10: 0.2773044151820294
29.923359155654907
The time elapse of epoch 007 is: 00: 02: 24
tensor([ 0.1006,  0.0122,  0.1940,  0.0667, -0.1127,  0.2060, -0.0095,  0.0208,
        -0.0178, -0.0532, -0.1276,  0.0347,  0.0984,  0.1309,  0.2012,  0.2160,
        -0.0065, -0.1389,  0.1577, -0.0096,  0.1482,  0.0173, -0.1362,  0.2611,
        -0.1596,  0.1000, -0.0894, -0.0583, -0.1799, -0.0918, -0.1300, -0.1541],
       grad_fn=<SelectBackward0>) tensor([-0.3684,  0.0214, -0.3507, -0.4093,  0.3711, -0.2045,  0.2318,  0.1997,
         0.2045,  0.1296,  0.3953, -0.3410, -0.1181, -0.2301, -0.2255, -0.2282,
         0.1172,  0.3477, -0.2638, -0.3289, -0.3079,  0.3187,  0.3295, -0.3406,
         0.3570, -0.3516,  0.0362, -0.3505,  0.2587,  0.2059,  0.3084,  0.3736],
       grad_fn=<SelectBackward0>)
The test AUC is: 0.7542765282569122
total_test_data_count: 3873
MAP: 0.02178177484734871
MRR: 0.18050380422572798
Prec@10: 0.03787761425251679
Rec@10: 0.05652834971444867
F1@10: 0.03984070953819185
NDCG@10: 0.05525232586615621
1-call@10: 0.2816937774335141
239.9474663734436
The time elapse of epoch 008 is: 00: 05: 42
tensor([ 0.1099,  0.0047,  0.2125,  0.0727, -0.1220,  0.2366, -0.0067,  0.0221,
        -0.0309, -0.0615, -0.1333,  0.0387,  0.1099,  0.1389,  0.2227,  0.2449,
        -0.0150, -0.1428,  0.1675, -0.0015,  0.1633,  0.0148, -0.1425,  0.2859,
        -0.1744,  0.1066, -0.0899, -0.0610, -0.1974, -0.0969, -0.1435, -0.1656],
       grad_fn=<SelectBackward0>) tensor([-0.4024,  0.0298, -0.3762, -0.4433,  0.3974, -0.2199,  0.2442,  0.2081,
         0.2301,  0.1321,  0.4218, -0.3667, -0.1134, -0.2534, -0.2378, -0.2476,
         0.1408,  0.3768, -0.2985, -0.3583, -0.3369,  0.3452,  0.3560, -0.3734,
         0.3850, -0.3781,  0.0351, -0.3787,  0.2738,  0.2153,  0.3285,  0.4016],
       grad_fn=<SelectBackward0>)
the validation AUC is : 0.7537465407481074
total_test_data_count: 3873
MAP: 0.02175068255275949
MRR: 0.18045655179660067
Prec@10: 0.038213271365865636
Rec@10: 0.05662127636161056
F1@10: 0.04011803924706922
NDCG@10: 0.05538368911974417
1-call@10: 0.2822101729925123
25.63670587539673
The time elapse of epoch 009 is: 00: 02: 00
tensor([ 0.1160, -0.0046,  0.2299,  0.0845, -0.1337,  0.2535, -0.0135,  0.0204,
        -0.0358, -0.0684, -0.1408,  0.0387,  0.1338,  0.1482,  0.2424,  0.2699,
        -0.0312, -0.1454,  0.1839,  0.0078,  0.1749,  0.0153, -0.1508,  0.3202,
        -0.1896,  0.1141, -0.1028, -0.0580, -0.2148, -0.1033, -0.1547, -0.1780],
       grad_fn=<SelectBackward0>) tensor([-0.4370,  0.0353, -0.4041, -0.4781,  0.4229, -0.2267,  0.2573,  0.2116,
         0.2477,  0.1283,  0.4493, -0.3891, -0.1051, -0.2723, -0.2492, -0.2631,
         0.1437,  0.4015, -0.3356, -0.3871, -0.3674,  0.3651,  0.3799, -0.4047,
         0.4114, -0.3998,  0.0470, -0.4064,  0.2847,  0.2252,  0.3427,  0.4248],
       grad_fn=<SelectBackward0>)
The test AUC is: 0.760806626569656
total_test_data_count: 3873
MAP: 0.021671531007961636
MRR: 0.18043794143716946
Prec@10: 0.03813581203201589
Rec@10: 0.05721930579778101
F1@10: 0.04020325256567334
NDCG@10: 0.05534062258501622
1-call@10: 0.2840175574490059
24.766263723373413
The time elapse of epoch 010 is: 00: 01: 52
tensor([ 0.1153, -0.0163,  0.2355,  0.0766, -0.1271,  0.2723,  0.0024,  0.0314,
        -0.0316, -0.0777, -0.1338,  0.0280,  0.1448,  0.1416,  0.2535,  0.2814,
        -0.0279, -0.1392,  0.1885,  0.0045,  0.1851,  0.0348, -0.1458,  0.3360,
        -0.1895,  0.1102, -0.1150, -0.0743, -0.2192, -0.1002, -0.1590, -0.1777],
       grad_fn=<SelectBackward0>) tensor([-0.4508,  0.0314, -0.4118, -0.4954,  0.4321, -0.2223,  0.2645,  0.1989,
         0.2498,  0.1228,  0.4580, -0.3962, -0.0984, -0.2749, -0.2392, -0.2689,
         0.1388,  0.4101, -0.3668, -0.4012, -0.3833,  0.3737,  0.3912, -0.4243,
         0.4288, -0.4087,  0.0495, -0.4154,  0.2796,  0.2149,  0.3429,  0.4344],
       grad_fn=<SelectBackward0>)
The test AUC is: 0.7637706902907172
total_test_data_count: 3873
MAP: 0.021700274111587012
MRR: 0.18029126609684565
Prec@10: 0.03800671314226635
Rec@10: 0.05671959519094163
F1@10: 0.039997565472291705
NDCG@10: 0.05521466630346831
1-call@10: 0.28272656855151046
12.985522508621216
The time elapse of epoch 011 is: 00: 01: 15
tensor([ 0.1112, -0.0317,  0.2436,  0.0769, -0.1300,  0.2971,  0.0154,  0.0387,
        -0.0459, -0.0948, -0.1313,  0.0212,  0.1463,  0.1415,  0.2625,  0.3001,
        -0.0364, -0.1400,  0.1902,  0.0099,  0.1979,  0.0380, -0.1498,  0.3440,
        -0.1948,  0.1078, -0.1137, -0.0873, -0.2212, -0.0994, -0.1669, -0.1807],
       grad_fn=<SelectBackward0>) tensor([-0.4742,  0.0292, -0.4260, -0.5161,  0.4460, -0.2287,  0.2709,  0.1943,
         0.2641,  0.1216,  0.4716, -0.4073, -0.0881, -0.2820, -0.2380, -0.2686,
         0.1447,  0.4289, -0.3921, -0.4146, -0.3959,  0.3848,  0.4058, -0.4414,
         0.4474, -0.4211,  0.0478, -0.4309,  0.2757,  0.2125,  0.3528,  0.4503],
       grad_fn=<SelectBackward0>)
The test AUC is: 0.7665383095655779
total_test_data_count: 3873
MAP: 0.022225361342466707
MRR: 0.18095423453673154
Prec@10: 0.038497288923314596
Rec@10: 0.0582490423883964
F1@10: 0.040834176980680495
NDCG@10: 0.0561601401295898
1-call@10: 0.286857733023496
12.871979713439941
The time elapse of epoch 012 is: 00: 01: 11
tensor([ 0.1051, -0.0265,  0.2460,  0.0717, -0.1204,  0.3233,  0.0362,  0.0554,
        -0.0529, -0.1000, -0.1252,  0.0055,  0.1561,  0.1364,  0.2675,  0.3156,
        -0.0502, -0.1274,  0.2020,  0.0066,  0.1967,  0.0443, -0.1462,  0.3702,
        -0.1962,  0.1027, -0.1168, -0.1044, -0.2252, -0.0908, -0.1671, -0.1752],
       grad_fn=<SelectBackward0>) tensor([-0.4987,  0.0258, -0.4350, -0.5290,  0.4538, -0.2235,  0.2689,  0.1811,
         0.2679,  0.1208,  0.4760, -0.4111, -0.0769, -0.2778, -0.2313, -0.2748,
         0.1447,  0.4358, -0.4189, -0.4222, -0.4156,  0.3925,  0.4125, -0.4579,
         0.4607, -0.4281,  0.0509, -0.4350,  0.2611,  0.1988,  0.3524,  0.4562],
       grad_fn=<SelectBackward0>)
The test AUC is: 0.7689974890278235
total_test_data_count: 3873
MAP: 0.022740033774129496
MRR: 0.18274095013057348
Prec@10: 0.03860056803511424
Rec@10: 0.05905321344799542
F1@10: 0.041054496150978476
NDCG@10: 0.056939382583320645
1-call@10: 0.2889233152594888
12.742323637008667
The time elapse of epoch 013 is: 00: 01: 11
tensor([ 0.0871, -0.0464,  0.2416,  0.0554, -0.1033,  0.3468,  0.0659,  0.0892,
        -0.0595, -0.1080, -0.1051, -0.0187,  0.1689,  0.1222,  0.2630,  0.3199,
        -0.0525, -0.1100,  0.2094, -0.0041,  0.1927,  0.0631, -0.1348,  0.3931,
        -0.1915,  0.0880, -0.1163, -0.1292, -0.2275, -0.0689, -0.1583, -0.1603],
       grad_fn=<SelectBackward0>) tensor([-0.5114,  0.0306, -0.4477, -0.5511,  0.4663, -0.2210,  0.2760,  0.1668,
         0.2817,  0.1271,  0.4853, -0.4228, -0.0707, -0.2879, -0.2332, -0.2844,
         0.1522,  0.4520, -0.4428, -0.4426, -0.4400,  0.4051,  0.4299, -0.4719,
         0.4843, -0.4461,  0.0475, -0.4479,  0.2566,  0.1912,  0.3559,  0.4686],
       grad_fn=<SelectBackward0>)
the validation AUC is : 0.7674710207804716
total_test_data_count: 3873
MAP: 0.02266548172271552
MRR: 0.18270032962132393
Prec@10: 0.038729666924863786
Rec@10: 0.059005025384538806
F1@10: 0.0411136476574727
NDCG@10: 0.05696167540725181
1-call@10: 0.29021430415698424
13.037470579147339
The time elapse of epoch 014 is: 00: 01: 11
tensor([ 0.0853, -0.0610,  0.2517,  0.0593, -0.1035,  0.3704,  0.0739,  0.0990,
        -0.0671, -0.1165, -0.1070, -0.0268,  0.1744,  0.1223,  0.2694,  0.3351,
        -0.0521, -0.1084,  0.2294, -0.0028,  0.1982,  0.0644, -0.1354,  0.4257,
        -0.2026,  0.0898, -0.1377, -0.1398, -0.2378, -0.0677, -0.1621, -0.1647],
       grad_fn=<SelectBackward0>) tensor([-0.5292,  0.0365, -0.4639, -0.5765,  0.4809, -0.2284,  0.2796,  0.1611,
         0.2965,  0.1292,  0.4981, -0.4360, -0.0620, -0.2961, -0.2315, -0.2873,
         0.1681,  0.4635, -0.4632, -0.4625, -0.4644,  0.4197,  0.4494, -0.4820,
         0.5050, -0.4632,  0.0395, -0.4671,  0.2554,  0.1860,  0.3635,  0.4880],
       grad_fn=<SelectBackward0>)
The test AUC is: 0.7731131568376267
total_test_data_count: 3873
MAP: 0.022369362645977435
MRR: 0.18182637857308906
Prec@10: 0.038471469145364715
Rec@10: 0.0580812064934551
F1@10: 0.040733410465585894
NDCG@10: 0.05632854994645769
1-call@10: 0.2865995352439969
12.805269718170166
The time elapse of epoch 015 is: 00: 01: 11
tensor([ 0.0943, -0.0659,  0.2651,  0.0642, -0.1117,  0.4034,  0.0856,  0.1035,
        -0.0790, -0.1306, -0.1098, -0.0317,  0.1980,  0.1211,  0.2834,  0.3735,
        -0.0579, -0.1110,  0.2366, -0.0006,  0.1968,  0.0707, -0.1419,  0.4424,
        -0.2135,  0.0908, -0.1387, -0.1521, -0.2571, -0.0667, -0.1748, -0.1756],
       grad_fn=<SelectBackward0>) tensor([-0.5441,  0.0299, -0.4708, -0.5919,  0.4875, -0.2282,  0.2832,  0.1491,
         0.3001,  0.1216,  0.5045, -0.4436, -0.0548, -0.2894, -0.2274, -0.2877,
         0.1696,  0.4771, -0.4853, -0.4691, -0.4787,  0.4229,  0.4595, -0.4957,
         0.5171, -0.4658,  0.0412, -0.4752,  0.2456,  0.1723,  0.3651,  0.4931],
       grad_fn=<SelectBackward0>)
The test AUC is: 0.774867722533608
total_test_data_count: 3873
MAP: 0.022390830013184995
MRR: 0.1814607753608555
Prec@10: 0.0387554867028137
Rec@10: 0.05822277202341117
F1@10: 0.04097172749830337
NDCG@10: 0.056416610430223925
1-call@10: 0.28737412858249417
13.309316873550415
The time elapse of epoch 016 is: 00: 01: 12
tensor([ 0.0997, -0.0690,  0.2759,  0.0653, -0.1078,  0.4279,  0.0992,  0.1169,
        -0.0901, -0.1329, -0.1112, -0.0409,  0.2193,  0.1156,  0.2945,  0.3858,
        -0.0736, -0.1061,  0.2472, -0.0027,  0.2018,  0.0839, -0.1436,  0.4647,
        -0.2207,  0.0842, -0.1384, -0.1699, -0.2671, -0.0605, -0.1819, -0.1750],
       grad_fn=<SelectBackward0>) tensor([-0.5589,  0.0335, -0.4815, -0.6144,  0.4950, -0.2342,  0.2895,  0.1328,
         0.3192,  0.1230,  0.5089, -0.4496, -0.0452, -0.2898, -0.2189, -0.2934,
         0.1771,  0.4841, -0.5054, -0.4836, -0.4972,  0.4338,  0.4720, -0.5072,
         0.5351, -0.4760,  0.0387, -0.4844,  0.2354,  0.1580,  0.3699,  0.5031],
       grad_fn=<SelectBackward0>)
The test AUC is: 0.7764571390664692
total_test_data_count: 3873
MAP: 0.022641217865030653
MRR: 0.18196486647300245
Prec@10: 0.03909114381616255
Rec@10: 0.05867595914148625
F1@10: 0.041364251556053076
NDCG@10: 0.05686827222882853
1-call@10: 0.29047250193648333
13.398261308670044
The time elapse of epoch 017 is: 00: 01: 14
tensor([ 0.0984, -0.0727,  0.2882,  0.0639, -0.1069,  0.4577,  0.1158,  0.1276,
        -0.0989, -0.1388, -0.1090, -0.0501,  0.2316,  0.1109,  0.3090,  0.4162,
        -0.0872, -0.0998,  0.2540,  0.0024,  0.2012,  0.0913, -0.1457,  0.4895,
        -0.2320,  0.0829, -0.1358, -0.1898, -0.2818, -0.0563, -0.1898, -0.1774],
       grad_fn=<SelectBackward0>) tensor([-0.5777,  0.0384, -0.4877, -0.6359,  0.5042, -0.2289,  0.2941,  0.1163,
         0.3309,  0.1230,  0.5128, -0.4529, -0.0432, -0.2896, -0.2109, -0.2937,
         0.1816,  0.4898, -0.5304, -0.4987, -0.5148,  0.4420,  0.4831, -0.5246,
         0.5471, -0.4896,  0.0382, -0.4956,  0.2266,  0.1436,  0.3676,  0.5093],
       grad_fn=<SelectBackward0>)
The test AUC is: 0.7777743132819207
total_test_data_count: 3873
MAP: 0.022571680016138976
MRR: 0.18096568205011537
Prec@10: 0.038884585592563255
Rec@10: 0.05901573546561872
F1@10: 0.04126530883863376
NDCG@10: 0.0567116242903808
1-call@10: 0.29047250193648333
21.012035131454468
The time elapse of epoch 018 is: 00: 01: 21
tensor([ 0.0969, -0.0774,  0.2971,  0.0652, -0.1056,  0.4852,  0.1323,  0.1395,
        -0.1037, -0.1496, -0.1107, -0.0603,  0.2492,  0.1099,  0.3191,  0.4303,
        -0.0974, -0.0961,  0.2596,  0.0081,  0.2060,  0.0961, -0.1453,  0.5134,
        -0.2371,  0.0843, -0.1366, -0.1999, -0.2962, -0.0574, -0.1954, -0.1819],
       grad_fn=<SelectBackward0>) tensor([-0.5947,  0.0469, -0.5014, -0.6652,  0.5176, -0.2342,  0.2993,  0.0978,
         0.3562,  0.1307,  0.5206, -0.4625, -0.0291, -0.2941, -0.1989, -0.3020,
         0.1891,  0.5030, -0.5474, -0.5167, -0.5351,  0.4592,  0.5072, -0.5394,
         0.5727, -0.5065,  0.0304, -0.5198,  0.2124,  0.1285,  0.3689,  0.5288],
       grad_fn=<SelectBackward0>)
the validation AUC is : 0.7755253294791251
total_test_data_count: 3873
MAP: 0.022548396192083955
MRR: 0.18126561807816918
Prec@10: 0.038445649367414805
Rec@10: 0.058528312536079055
F1@10: 0.04092655638028584
NDCG@10: 0.056429658695264825
1-call@10: 0.28943971081848696
13.25289011001587
The time elapse of epoch 019 is: 00: 01: 26
tensor([ 0.1090, -0.0825,  0.3114,  0.0689, -0.1058,  0.5045,  0.1422,  0.1500,
        -0.1124, -0.1520, -0.1143, -0.0677,  0.2703,  0.1033,  0.3342,  0.4436,
        -0.1004, -0.0976,  0.2659,  0.0083,  0.2099,  0.1016, -0.1491,  0.5317,
        -0.2438,  0.0839, -0.1437, -0.2182, -0.3094, -0.0603, -0.2104, -0.1894],
       grad_fn=<SelectBackward0>) tensor([-0.6005,  0.0419, -0.5039, -0.6734,  0.5232, -0.2243,  0.3051,  0.0826,
         0.3631,  0.1277,  0.5158, -0.4690, -0.0296, -0.2944, -0.1849, -0.2993,
         0.1823,  0.5102, -0.5625, -0.5222, -0.5467,  0.4631,  0.5118, -0.5474,
         0.5833, -0.5109,  0.0264, -0.5225,  0.2000,  0.1115,  0.3653,  0.5305],
       grad_fn=<SelectBackward0>)
The test AUC is: 0.7797982243949287
total_test_data_count: 3873
MAP: 0.02268607270794881
MRR: 0.18135879096375082
Prec@10: 0.038497288923314624
Rec@10: 0.05894607749774906
F1@10: 0.04113789110475442
NDCG@10: 0.05667250063336308
1-call@10: 0.29124709527498066
13.594226360321045
The time elapse of epoch 020 is: 00: 01: 14
tensor([ 0.1139, -0.0954,  0.3260,  0.0705, -0.1076,  0.5257,  0.1596,  0.1616,
        -0.1106, -0.1604, -0.1181, -0.0788,  0.2775,  0.1030,  0.3453,  0.4604,
        -0.1082, -0.0919,  0.2776,  0.0128,  0.2147,  0.1135, -0.1505,  0.5564,
        -0.2527,  0.0807, -0.1488, -0.2362, -0.3279, -0.0588, -0.2159, -0.1978],
       grad_fn=<SelectBackward0>) tensor([-0.6066,  0.0426, -0.5113, -0.6931,  0.5322, -0.2235,  0.3119,  0.0661,
         0.3796,  0.1292,  0.5169, -0.4785, -0.0220, -0.2966, -0.1745, -0.3010,
         0.1838,  0.5253, -0.5807, -0.5331, -0.5561,  0.4698,  0.5264, -0.5540,
         0.6013, -0.5201,  0.0177, -0.5283,  0.1850,  0.0959,  0.3634,  0.5393],
       grad_fn=<SelectBackward0>)
The test AUC is: 0.7805668214644021
total_test_data_count: 3873
MAP: 0.022455497548137453
MRR: 0.18074048552360178
Prec@10: 0.038471469145364715
Rec@10: 0.05877472259655905
F1@10: 0.04108607389289759
NDCG@10: 0.05634907567214132
1-call@10: 0.29021430415698424
22.255369901657104
The time elapse of epoch 021 is: 00: 01: 21
tensor([ 0.1179, -0.1131,  0.3410,  0.0709, -0.1089,  0.5474,  0.1713,  0.1720,
        -0.1148, -0.1706, -0.1122, -0.0862,  0.2965,  0.0976,  0.3590,  0.4823,
        -0.1091, -0.0887,  0.2782,  0.0094,  0.2074,  0.1266, -0.1497,  0.5547,
        -0.2550,  0.0761, -0.1573, -0.2559, -0.3328, -0.0614, -0.2211, -0.2037],
       grad_fn=<SelectBackward0>) tensor([-0.6222,  0.0399, -0.5210, -0.7170,  0.5392, -0.2147,  0.3163,  0.0452,
         0.3888,  0.1209,  0.5203, -0.4813, -0.0186, -0.2864, -0.1617, -0.3037,
         0.1816,  0.5308, -0.5986, -0.5463, -0.5680,  0.4735,  0.5368, -0.5719,
         0.6137, -0.5275,  0.0217, -0.5364,  0.1698,  0.0755,  0.3593,  0.5452],
       grad_fn=<SelectBackward0>)
The test AUC is: 0.7813094529230682
total_test_data_count: 3873
MAP: 0.022836475779468148
MRR: 0.18169048941706034
Prec@10: 0.0387296669248638
Rec@10: 0.05949335876805449
F1@10: 0.04143939316364383
NDCG@10: 0.05693397965176171
1-call@10: 0.2930544797314743
13.660610914230347
The time elapse of epoch 022 is: 00: 01: 31
tensor([ 0.1130, -0.1158,  0.3530,  0.0663, -0.1035,  0.5747,  0.1836,  0.1868,
        -0.1132, -0.1714, -0.1111, -0.1019,  0.3091,  0.0965,  0.3696,  0.4974,
        -0.1245, -0.0804,  0.2886,  0.0146,  0.2047,  0.1417, -0.1490,  0.5684,
        -0.2573,  0.0692, -0.1710, -0.2747, -0.3391, -0.0579, -0.2293, -0.2090],
       grad_fn=<SelectBackward0>) tensor([-0.6305,  0.0397, -0.5203, -0.7329,  0.5417, -0.2072,  0.3191,  0.0309,
         0.3991,  0.1121,  0.5196, -0.4830, -0.0064, -0.2842, -0.1465, -0.3119,
         0.1803,  0.5378, -0.6181, -0.5469, -0.5802,  0.4756,  0.5423, -0.5766,
         0.6255, -0.5292,  0.0212, -0.5366,  0.1533,  0.0594,  0.3531,  0.5494],
       grad_fn=<SelectBackward0>)
The test AUC is: 0.7818966378422734
total_test_data_count: 3873
MAP: 0.02277428013098653
MRR: 0.18242897977600026
Prec@10: 0.03844564936741479
Rec@10: 0.05907402793002317
F1@10: 0.041138079578755746
NDCG@10: 0.056814878919589765
1-call@10: 0.29124709527498066
13.918551445007324
The time elapse of epoch 023 is: 00: 01: 15
tensor([ 0.1058, -0.1205,  0.3585,  0.0588, -0.0966,  0.5962,  0.2010,  0.2017,
        -0.1147, -0.1817, -0.0985, -0.1290,  0.3226,  0.0870,  0.3678,  0.5151,
        -0.1353, -0.0709,  0.2898,  0.0122,  0.2081,  0.1520, -0.1471,  0.5850,
        -0.2520,  0.0536, -0.1802, -0.2964, -0.3393, -0.0476, -0.2337, -0.2078],
       grad_fn=<SelectBackward0>) tensor([-0.6465,  0.0291, -0.5194, -0.7424,  0.5376, -0.1981,  0.3122,  0.0133,
         0.4051,  0.1035,  0.5181, -0.4779,  0.0058, -0.2668, -0.1308, -0.3055,
         0.1672,  0.5422, -0.6366, -0.5487, -0.5948,  0.4750,  0.5403, -0.5826,
         0.6330, -0.5268,  0.0214, -0.5315,  0.1302,  0.0338,  0.3503,  0.5457],
       grad_fn=<SelectBackward0>)
the validation AUC is : 0.7793836916370172
total_test_data_count: 3873
MAP: 0.022769208445154992
MRR: 0.18228236963713584
Prec@10: 0.0381874515879157
Rec@10: 0.05805862400268548
F1@10: 0.04073495062044103
NDCG@10: 0.0564993367435581
1-call@10: 0.2881487219209915
13.358400821685791
The time elapse of epoch 024 is: 00: 01: 13
tensor([ 0.0984, -0.1246,  0.3633,  0.0574, -0.0932,  0.6120,  0.2185,  0.2142,
        -0.1206, -0.1867, -0.0954, -0.1436,  0.3407,  0.0857,  0.3720,  0.5308,
        -0.1369, -0.0608,  0.2923,  0.0172,  0.2162,  0.1578, -0.1450,  0.6049,
        -0.2549,  0.0502, -0.1963, -0.3133, -0.3479, -0.0427, -0.2326, -0.2078],
       grad_fn=<SelectBackward0>) tensor([-0.6591,  0.0328, -0.5248, -0.7616,  0.5453, -0.1939,  0.3187, -0.0021,
         0.4165,  0.1039,  0.5172, -0.4890,  0.0086, -0.2630, -0.1173, -0.3084,
         0.1561,  0.5579, -0.6518, -0.5548, -0.6061,  0.4800,  0.5555, -0.5918,
         0.6542, -0.5332,  0.0156, -0.5388,  0.1135,  0.0144,  0.3497,  0.5573],
       grad_fn=<SelectBackward0>)
The test AUC is: 0.7825975573354977
total_test_data_count: 3873
MAP: 0.02312501161205825
MRR: 0.18251080760763433
Prec@10: 0.038032532920216244
Rec@10: 0.057902812049514786
F1@10: 0.04061440117151782
NDCG@10: 0.05661479058573521
1-call@10: 0.2865995352439969
13.24322247505188
The time elapse of epoch 025 is: 00: 01: 14
tensor([ 0.1019, -0.1324,  0.3829,  0.0634, -0.0946,  0.6288,  0.2259,  0.2235,
        -0.1226, -0.1934, -0.0944, -0.1467,  0.3626,  0.0789,  0.3803,  0.5579,
        -0.1361, -0.0593,  0.2943,  0.0221,  0.2166,  0.1660, -0.1464,  0.6182,
        -0.2629,  0.0523, -0.2069, -0.3271, -0.3633, -0.0473, -0.2318, -0.2218],
       grad_fn=<SelectBackward0>) tensor([-0.6731,  0.0377, -0.5263, -0.7787,  0.5417, -0.1869,  0.3159, -0.0188,
         0.4327,  0.1026,  0.5102, -0.4887,  0.0162, -0.2564, -0.1002, -0.3070,
         0.1559,  0.5644, -0.6613, -0.5553, -0.6113,  0.4738,  0.5685, -0.5952,
         0.6627, -0.5348,  0.0091, -0.5408,  0.0948, -0.0069,  0.3399,  0.5624],
       grad_fn=<SelectBackward0>)
The test AUC is: 0.7828312737307034
total_test_data_count: 3873
MAP: 0.023135114050417595
MRR: 0.1821165436967166
Prec@10: 0.037980893364316426
Rec@10: 0.058004995006377555
F1@10: 0.0405632359760299
NDCG@10: 0.056610420143002195
1-call@10: 0.2865995352439969
13.173043966293335
The time elapse of epoch 026 is: 00: 01: 12
tensor([ 0.1040, -0.1378,  0.3970,  0.0709, -0.1018,  0.6531,  0.2276,  0.2281,
        -0.1313, -0.2001, -0.0998, -0.1497,  0.3770,  0.0765,  0.3908,  0.5789,
        -0.1369, -0.0623,  0.3032,  0.0284,  0.2147,  0.1704, -0.1478,  0.6287,
        -0.2733,  0.0510, -0.2116, -0.3406, -0.3776, -0.0534, -0.2396, -0.2283],
       grad_fn=<SelectBackward0>) tensor([-0.6833,  0.0317, -0.5337, -0.7949,  0.5499, -0.1787,  0.3173, -0.0449,
         0.4453,  0.1050,  0.5031, -0.4917,  0.0313, -0.2440, -0.0821, -0.3059,
         0.1465,  0.5690, -0.6735, -0.5547, -0.6199,  0.4702,  0.5725, -0.5985,
         0.6721, -0.5370,  0.0024, -0.5414,  0.0747, -0.0338,  0.3368,  0.5638],
       grad_fn=<SelectBackward0>)
The test AUC is: 0.7830294286156857
total_test_data_count: 3873
MAP: 0.023012758753207158
MRR: 0.18112960783371548
Prec@10: 0.0381874515879157
Rec@10: 0.058092103187887496
F1@10: 0.040727818035968394
NDCG@10: 0.0564910046344167
1-call@10: 0.2878905241414924
22.00844168663025
The time elapse of epoch 027 is: 00: 01: 38
tensor([ 0.1116, -0.1286,  0.4156,  0.0785, -0.1103,  0.6712,  0.2325,  0.2279,
        -0.1360, -0.2083, -0.1064, -0.1508,  0.3897,  0.0744,  0.4111,  0.6026,
        -0.1461, -0.0646,  0.3004,  0.0394,  0.2229,  0.1746, -0.1548,  0.6419,
        -0.2895,  0.0528, -0.2098, -0.3488, -0.3968, -0.0626, -0.2606, -0.2380],
       grad_fn=<SelectBackward0>) tensor([-0.6992,  0.0330, -0.5469, -0.8191,  0.5563, -0.1743,  0.3230, -0.0637,
         0.4597,  0.1047,  0.5087, -0.4981,  0.0387, -0.2389, -0.0723, -0.3102,
         0.1505,  0.5836, -0.6914, -0.5642, -0.6307,  0.4701,  0.5874, -0.6108,
         0.6879, -0.5495, -0.0013, -0.5512,  0.0590, -0.0514,  0.3330,  0.5723],
       grad_fn=<SelectBackward0>)
The test AUC is: 0.7831981319417027
total_test_data_count: 3873
MAP: 0.022727061962882402
MRR: 0.18050160600509385
Prec@10: 0.03751613736121808
Rec@10: 0.057125554974090484
F1@10: 0.04005983777963479
NDCG@10: 0.0557069178059625
1-call@10: 0.28298476633100955
13.184249639511108
The time elapse of epoch 028 is: 00: 01: 12
tensor([ 0.1075, -0.1223,  0.4200,  0.0723, -0.1079,  0.6912,  0.2463,  0.2414,
        -0.1379, -0.2114, -0.1014, -0.1655,  0.3923,  0.0645,  0.4200,  0.6225,
        -0.1495, -0.0573,  0.3082,  0.0341,  0.2192,  0.1923, -0.1511,  0.6610,
        -0.2943,  0.0462, -0.2156, -0.3664, -0.4107, -0.0572, -0.2643, -0.2380],
       grad_fn=<SelectBackward0>) tensor([-0.7182,  0.0346, -0.5630, -0.8345,  0.5628, -0.1719,  0.3187, -0.0738,
         0.4698,  0.1054,  0.5134, -0.5027,  0.0438, -0.2348, -0.0644, -0.3079,
         0.1557,  0.5840, -0.7029, -0.5774, -0.6353,  0.4760,  0.5942, -0.6202,
         0.6961, -0.5610, -0.0022, -0.5579,  0.0488, -0.0664,  0.3387,  0.5831],
       grad_fn=<SelectBackward0>)
the validation AUC is : 0.7803182658618082
total_test_data_count: 3873
MAP: 0.02270254229270127
MRR: 0.18066676130193002
Prec@10: 0.037490317583268165
Rec@10: 0.05720375221763282
F1@10: 0.04006076091844581
NDCG@10: 0.05574280144165088
1-call@10: 0.28324296411050864
13.225751876831055
The time elapse of epoch 029 is: 00: 01: 12
tensor([ 0.1207, -0.1275,  0.4435,  0.0832, -0.1157,  0.7089,  0.2499,  0.2464,
        -0.1353, -0.2208, -0.1064, -0.1675,  0.4032,  0.0655,  0.4351,  0.6398,
        -0.1516, -0.0635,  0.3202,  0.0413,  0.2160,  0.2017, -0.1584,  0.6780,
        -0.3073,  0.0495, -0.2292, -0.3730, -0.4226, -0.0657, -0.2692, -0.2521],
       grad_fn=<SelectBackward0>) tensor([-0.7328,  0.0304, -0.5686, -0.8492,  0.5704, -0.1654,  0.3251, -0.0851,
         0.4778,  0.1065,  0.5146, -0.5013,  0.0543, -0.2291, -0.0551, -0.3143,
         0.1537,  0.5928, -0.7097, -0.5831, -0.6396,  0.4795,  0.6047, -0.6263,
         0.7063, -0.5698, -0.0053, -0.5637,  0.0353, -0.0809,  0.3355,  0.5902],
       grad_fn=<SelectBackward0>)
The test AUC is: 0.7832453764107989
total_test_data_count: 3873
MAP: 0.022753907013977958
MRR: 0.18033709340835774
Prec@10: 0.03756777691711787
Rec@10: 0.05826105384262983
F1@10: 0.04032094493669583
NDCG@10: 0.055978380430075254
1-call@10: 0.28479215078750325
28.461498498916626
The time elapse of epoch 030 is: 00: 01: 53
tensor([ 0.1210, -0.1328,  0.4529,  0.0832, -0.1117,  0.7250,  0.2654,  0.2692,
        -0.1489, -0.2277, -0.1027, -0.1820,  0.4041,  0.0653,  0.4408,  0.6500,
        -0.1576, -0.0581,  0.3243,  0.0437,  0.2165,  0.2088, -0.1629,  0.6959,
        -0.3112,  0.0469, -0.2335, -0.3859, -0.4319, -0.0599, -0.2665, -0.2606],
       grad_fn=<SelectBackward0>) tensor([-0.7469,  0.0322, -0.5765, -0.8676,  0.5770, -0.1611,  0.3256, -0.1042,
         0.4884,  0.1086,  0.5152, -0.5053,  0.0596, -0.2301, -0.0418, -0.3171,
         0.1563,  0.6015, -0.7236, -0.5890, -0.6506,  0.4795,  0.6165, -0.6355,
         0.7167, -0.5773, -0.0159, -0.5673,  0.0209, -0.0980,  0.3350,  0.6012],
       grad_fn=<SelectBackward0>)
The test AUC is: 0.7831385610591208
total_test_data_count: 3873
MAP: 0.02257979418888206
MRR: 0.178853275851728
Prec@10: 0.03723211980376907
Rec@10: 0.05787782058811616
F1@10: 0.04001085408430219
NDCG@10: 0.0554846642234653
1-call@10: 0.2819519752130132
23.763330221176147
The time elapse of epoch 031 is: 00: 01: 53
tensor([ 0.1242, -0.1424,  0.4622,  0.0865, -0.1119,  0.7380,  0.2727,  0.2753,
        -0.1586, -0.2204, -0.1078, -0.1869,  0.4168,  0.0611,  0.4528,  0.6639,
        -0.1591, -0.0564,  0.3293,  0.0535,  0.2258,  0.2122, -0.1624,  0.7082,
        -0.3262,  0.0448, -0.2379, -0.3950, -0.4433, -0.0661, -0.2717, -0.2660],
       grad_fn=<SelectBackward0>) tensor([-0.7612,  0.0261, -0.5823, -0.8884,  0.5851, -0.1495,  0.3214, -0.1282,
         0.4988,  0.0992,  0.5144, -0.5039,  0.0658, -0.2211, -0.0279, -0.3104,
         0.1576,  0.6005, -0.7423, -0.5947, -0.6551,  0.4816,  0.6178, -0.6502,
         0.7297, -0.5793, -0.0170, -0.5651,  0.0047, -0.1274,  0.3400,  0.6024],
       grad_fn=<SelectBackward0>)
The test AUC is: 0.7830114031056207
total_test_data_count: 3873
MAP: 0.02254961651073083
MRR: 0.17943097941161626
Prec@10: 0.03733539891556871
Rec@10: 0.05733558868572767
F1@10: 0.03992580578202914
NDCG@10: 0.05543196227469105
1-call@10: 0.28091918409501676
30.411778688430786
The time elapse of epoch 032 is: 00: 02: 02
tensor([ 0.1266, -0.1547,  0.4712,  0.0892, -0.1137,  0.7529,  0.2840,  0.2825,
        -0.1645, -0.2221, -0.1086, -0.1909,  0.4356,  0.0571,  0.4628,  0.6830,
        -0.1522, -0.0538,  0.3325,  0.0582,  0.2325,  0.2214, -0.1629,  0.7170,
        -0.3296,  0.0456, -0.2463, -0.4046, -0.4524, -0.0660, -0.2839, -0.2780],
       grad_fn=<SelectBackward0>) tensor([-0.7696,  0.0273, -0.5886, -0.9014,  0.5890, -0.1438,  0.3304, -0.1395,
         0.5058,  0.0962,  0.5142, -0.5080,  0.0668, -0.2169, -0.0234, -0.3134,
         0.1518,  0.6087, -0.7521, -0.5950, -0.6673,  0.4831,  0.6235, -0.6602,
         0.7413, -0.5854, -0.0231, -0.5634, -0.0043, -0.1405,  0.3405,  0.6099],
       grad_fn=<SelectBackward0>)
The test AUC is: 0.7828358044274242
total_test_data_count: 3873
MAP: 0.02244901036238608
MRR: 0.17936844189749063
Prec@10: 0.03741285824941843
Rec@10: 0.057596578500638373
F1@10: 0.04006489056361998
NDCG@10: 0.055434883414290176
1-call@10: 0.2819519752130132
27.62205171585083
The time elapse of epoch 033 is: 00: 02: 05
tensor([ 0.1285, -0.1627,  0.4772,  0.0853, -0.1070,  0.7736,  0.2993,  0.2977,
        -0.1720, -0.2295, -0.1023, -0.2056,  0.4347,  0.0550,  0.4617,  0.6952,
        -0.1674, -0.0419,  0.3311,  0.0685,  0.2283,  0.2279, -0.1658,  0.7280,
        -0.3379,  0.0349, -0.2420, -0.4196, -0.4657, -0.0600, -0.2883, -0.2835],
       grad_fn=<SelectBackward0>) tensor([-0.7825,  0.0210, -0.5935, -0.9163,  0.5888, -0.1350,  0.3326, -0.1512,
         0.5118,  0.0964,  0.5075, -0.5145,  0.0684, -0.2072, -0.0052, -0.3191,
         0.1484,  0.6205, -0.7604, -0.5926, -0.6704,  0.4792,  0.6350, -0.6623,
         0.7526, -0.5855, -0.0290, -0.5620, -0.0223, -0.1574,  0.3316,  0.6163],
       grad_fn=<SelectBackward0>)
the validation AUC is : 0.7797130378446935
total_test_data_count: 3873
MAP: 0.02229667307576599
MRR: 0.17803370282069092
Prec@10: 0.0373353989155687
Rec@10: 0.057202109867740325
F1@10: 0.04002434628628748
NDCG@10: 0.05506047222463005
1-call@10: 0.2819519752130132
13.34589409828186
The time elapse of epoch 034 is: 00: 01: 25
tensor([ 0.1262, -0.1689,  0.4862,  0.0824, -0.1018,  0.7929,  0.3101,  0.3109,
        -0.1755, -0.2351, -0.0954, -0.2238,  0.4427,  0.0445,  0.4686,  0.7101,
        -0.1766, -0.0326,  0.3256,  0.0757,  0.2188,  0.2383, -0.1684,  0.7343,
        -0.3390,  0.0229, -0.2394, -0.4379, -0.4842, -0.0529, -0.2904, -0.2851],
       grad_fn=<SelectBackward0>) tensor([-0.7894,  0.0091, -0.5922, -0.9201,  0.5872, -0.1234,  0.3302, -0.1627,
         0.5107,  0.0920,  0.4973, -0.5093,  0.0797, -0.1928,  0.0084, -0.3142,
         0.1423,  0.6237, -0.7655, -0.5856, -0.6764,  0.4781,  0.6341, -0.6591,
         0.7537, -0.5848, -0.0343, -0.5567, -0.0353, -0.1797,  0.3262,  0.6090],
       grad_fn=<SelectBackward0>)
The test AUC is: 0.7823376926676068
total_test_data_count: 3873
MAP: 0.02211635246045511
MRR: 0.1782048193938217
Prec@10: 0.03730957913761877
Rec@10: 0.056570585985835656
F1@10: 0.039919671325679834
NDCG@10: 0.05480295706797411
1-call@10: 0.2845339530080041
28.401148557662964
The time elapse of epoch 035 is: 00: 02: 10
tensor([ 0.1251, -0.1747,  0.5018,  0.0898, -0.1080,  0.8087,  0.3152,  0.3179,
        -0.1833, -0.2300, -0.1024, -0.2285,  0.4511,  0.0524,  0.4789,  0.7259,
        -0.1881, -0.0332,  0.3302,  0.0852,  0.2250,  0.2397, -0.1773,  0.7454,
        -0.3479,  0.0223, -0.2492, -0.4426, -0.4991, -0.0473, -0.3023, -0.2993],
       grad_fn=<SelectBackward0>) tensor([-0.7989,  0.0030, -0.5890, -0.9226,  0.5817, -0.1158,  0.3209, -0.1812,
         0.5122,  0.0873,  0.4920, -0.5025,  0.0929, -0.1756,  0.0230, -0.3047,
         0.1422,  0.6180, -0.7774, -0.5799, -0.6746,  0.4755,  0.6333, -0.6641,
         0.7548, -0.5760, -0.0335, -0.5446, -0.0585, -0.2065,  0.3223,  0.6014],
       grad_fn=<SelectBackward0>)
The test AUC is: 0.7820513693416342
total_test_data_count: 3873
MAP: 0.02209238456025145
MRR: 0.17761699097872738
Prec@10: 0.03681900335657053
Rec@10: 0.05580093012025318
F1@10: 0.03931928788756323
NDCG@10: 0.054366645617245454
1-call@10: 0.2793699974180222
30.625678062438965
The time elapse of epoch 036 is: 00: 01: 52
tensor([ 0.1298, -0.1725,  0.5152,  0.0908, -0.1105,  0.8236,  0.3317,  0.3267,
        -0.1892, -0.2327, -0.0993, -0.2409,  0.4601,  0.0430,  0.4882,  0.7382,
        -0.1989, -0.0257,  0.3310,  0.0866,  0.2233,  0.2508, -0.1795,  0.7482,
        -0.3554,  0.0109, -0.2463, -0.4585, -0.5027, -0.0403, -0.3061, -0.2993],
       grad_fn=<SelectBackward0>) tensor([-0.8083,  0.0049, -0.5944, -0.9315,  0.5868, -0.1160,  0.3207, -0.1881,
         0.5205,  0.0909,  0.4880, -0.5060,  0.0916, -0.1776,  0.0287, -0.3041,
         0.1441,  0.6215, -0.7842, -0.5855, -0.6902,  0.4833,  0.6409, -0.6688,
         0.7613, -0.5840, -0.0383, -0.5456, -0.0714, -0.2184,  0.3312,  0.6032],
       grad_fn=<SelectBackward0>)
The test AUC is: 0.7816593589847659
total_test_data_count: 3873
MAP: 0.021797912347058173
MRR: 0.17748311375344814
Prec@10: 0.03619932868577273
Rec@10: 0.05473955214082815
F1@10: 0.038609615497479065
NDCG@10: 0.05366758379036927
1-call@10: 0.2754970307255358
21.844565629959106
The time elapse of epoch 037 is: 00: 02: 03
tensor([ 0.1288, -0.1815,  0.5306,  0.0956, -0.1201,  0.8354,  0.3419,  0.3321,
        -0.1913, -0.2417, -0.0948, -0.2512,  0.4661,  0.0406,  0.4979,  0.7580,
        -0.1960, -0.0300,  0.3291,  0.0913,  0.2278,  0.2561, -0.1814,  0.7598,
        -0.3646,  0.0096, -0.2516, -0.4696, -0.5116, -0.0437, -0.3184, -0.3105],
       grad_fn=<SelectBackward0>) tensor([-0.8133,  0.0093, -0.5923, -0.9445,  0.5842, -0.1105,  0.3237, -0.2074,
         0.5343,  0.0903,  0.4734, -0.5162,  0.0891, -0.1686,  0.0447, -0.3038,
         0.1397,  0.6348, -0.7904, -0.5873, -0.6918,  0.4807,  0.6525, -0.6697,
         0.7753, -0.5857, -0.0454, -0.5424, -0.0958, -0.2388,  0.3233,  0.6046],
       grad_fn=<SelectBackward0>)
The test AUC is: 0.7813233679718666
total_test_data_count: 3873
MAP: 0.021611283724930156
MRR: 0.17603956275528823
Prec@10: 0.0360960495739731
Rec@10: 0.054606390778696064
F1@10: 0.03851569176424116
NDCG@10: 0.05325184930611516
1-call@10: 0.2726568551510457
31.341947317123413
The time elapse of epoch 038 is: 00: 01: 31
tensor([ 0.1223, -0.1914,  0.5334,  0.0992, -0.1193,  0.8447,  0.3549,  0.3445,
        -0.2019, -0.2407, -0.0971, -0.2699,  0.4785,  0.0351,  0.4962,  0.7774,
        -0.1991, -0.0236,  0.3346,  0.1023,  0.2343,  0.2580, -0.1807,  0.7729,
        -0.3655,  0.0066, -0.2553, -0.4842, -0.5157, -0.0363, -0.3188, -0.3080],
       grad_fn=<SelectBackward0>) tensor([-0.8238,  0.0084, -0.5949, -0.9608,  0.5938, -0.1056,  0.3203, -0.2245,
         0.5428,  0.0910,  0.4728, -0.5141,  0.0997, -0.1620,  0.0579, -0.2988,
         0.1415,  0.6381, -0.8041, -0.5975, -0.6981,  0.4902,  0.6558, -0.6818,
         0.7886, -0.5899, -0.0455, -0.5374, -0.1146, -0.2644,  0.3239,  0.6064],
       grad_fn=<SelectBackward0>)
the validation AUC is : 0.7784594263370619
total_test_data_count: 3873
MAP: 0.021134535567071115
MRR: 0.17416482519116203
Prec@10: 0.03568293312677458
Rec@10: 0.053512605322027645
F1@10: 0.038100292899258016
NDCG@10: 0.052312217430057976
1-call@10: 0.270849470694552
29.146973609924316
The time elapse of epoch 039 is: 00: 02: 19
tensor([ 0.1237, -0.1973,  0.5462,  0.1010, -0.1150,  0.8590,  0.3624,  0.3584,
        -0.2173, -0.2472, -0.0947, -0.2770,  0.4830,  0.0343,  0.5022,  0.7917,
        -0.2109, -0.0145,  0.3319,  0.1116,  0.2335,  0.2543, -0.1836,  0.7838,
        -0.3762,  0.0019, -0.2576, -0.4928, -0.5207, -0.0352, -0.3200, -0.3148],
       grad_fn=<SelectBackward0>) tensor([-0.8241,  0.0063, -0.5924, -0.9713,  0.5961, -0.1025,  0.3251, -0.2345,
         0.5543,  0.0957,  0.4681, -0.5195,  0.1040, -0.1573,  0.0681, -0.3015,
         0.1414,  0.6474, -0.8165, -0.5979, -0.7085,  0.4978,  0.6639, -0.6854,
         0.7989, -0.5948, -0.0514, -0.5424, -0.1231, -0.2796,  0.3204,  0.6101],
       grad_fn=<SelectBackward0>)
The test AUC is: 0.7806492067683871
total_test_data_count: 3873
MAP: 0.02125482266715602
MRR: 0.17440512051278964
Prec@10: 0.03560547379292485
Rec@10: 0.05378342541965137
F1@10: 0.03804471236815995
NDCG@10: 0.0524174113795952
1-call@10: 0.27007487735605473
28.69660472869873
The time elapse of epoch 040 is: 00: 02: 10
tensor([ 0.1235, -0.2040,  0.5539,  0.0994, -0.1091,  0.8790,  0.3740,  0.3713,
        -0.2265, -0.2549, -0.0823, -0.2890,  0.4787,  0.0290,  0.4987,  0.8036,
        -0.2227, -0.0069,  0.3289,  0.1148,  0.2299,  0.2596, -0.1829,  0.7927,
        -0.3844, -0.0045, -0.2513, -0.5017, -0.5286, -0.0317, -0.3172, -0.3187],
       grad_fn=<SelectBackward0>) tensor([-0.8260,  0.0079, -0.5997, -0.9813,  0.6013, -0.1036,  0.3242, -0.2490,
         0.5636,  0.0958,  0.4633, -0.5234,  0.1139, -0.1517,  0.0725, -0.2974,
         0.1467,  0.6492, -0.8325, -0.5930, -0.7074,  0.4967,  0.6684, -0.6902,
         0.8084, -0.5972, -0.0539, -0.5326, -0.1389, -0.3008,  0.3223,  0.6133],
       grad_fn=<SelectBackward0>)
The test AUC is: 0.7803338031822433
total_test_data_count: 3873
MAP: 0.020967274716004444
MRR: 0.17313702664206224
Prec@10: 0.035347276013425764
Rec@10: 0.05394716767353765
F1@10: 0.037868261479772965
NDCG@10: 0.05201910224043991
1-call@10: 0.2687838884585593
26.139904737472534
The time elapse of epoch 041 is: 00: 01: 50
tensor([ 0.1234, -0.2091,  0.5648,  0.1110, -0.1124,  0.8860,  0.3780,  0.3789,
        -0.2290, -0.2556, -0.0818, -0.2959,  0.4894,  0.0292,  0.5091,  0.8169,
        -0.2217, -0.0052,  0.3308,  0.1271,  0.2296,  0.2584, -0.1917,  0.7980,
        -0.3930, -0.0073, -0.2536, -0.5108, -0.5404, -0.0313, -0.3236, -0.3327],
       grad_fn=<SelectBackward0>) tensor([-0.8360,  0.0161, -0.6082, -0.9932,  0.6075, -0.1036,  0.3209, -0.2644,
         0.5675,  0.0997,  0.4653, -0.5202,  0.1209, -0.1435,  0.0780, -0.2966,
         0.1551,  0.6547, -0.8445, -0.6048, -0.7093,  0.4970,  0.6674, -0.7017,
         0.8140, -0.6008, -0.0537, -0.5317, -0.1504, -0.3153,  0.3315,  0.6171],
       grad_fn=<SelectBackward0>)
The test AUC is: 0.7798872895731602
total_test_data_count: 3873
MAP: 0.020890598042863143
MRR: 0.1731340553184092
Prec@10: 0.03511489801187657
Rec@10: 0.05349127933277999
F1@10: 0.03762891718688637
NDCG@10: 0.05174929947133408
1-call@10: 0.2687838884585593
13.648333311080933
The time elapse of epoch 042 is: 00: 01: 28
tensor([ 0.1295, -0.2132,  0.5672,  0.1181, -0.1116,  0.9004,  0.3850,  0.3921,
        -0.2311, -0.2594, -0.0821, -0.3069,  0.4909,  0.0232,  0.5177,  0.8375,
        -0.2207, -0.0046,  0.3348,  0.1280,  0.2264,  0.2636, -0.1906,  0.8035,
        -0.3946, -0.0063, -0.2543, -0.5276, -0.5399, -0.0339, -0.3222, -0.3305],
       grad_fn=<SelectBackward0>) tensor([-0.8409,  0.0139, -0.6171, -1.0090,  0.6140, -0.1053,  0.3299, -0.2689,
         0.5726,  0.1026,  0.4669, -0.5293,  0.1215, -0.1412,  0.0792, -0.2974,
         0.1580,  0.6660, -0.8504, -0.6113, -0.7140,  0.5028,  0.6779, -0.7078,
         0.8262, -0.6069, -0.0556, -0.5393, -0.1534, -0.3242,  0.3389,  0.6267],
       grad_fn=<SelectBackward0>)
The test AUC is: 0.7794591657748433
total_test_data_count: 3873
MAP: 0.02062041343951026
MRR: 0.17216801186592096
Prec@10: 0.034495223341078775
Rec@10: 0.052936428153643245
F1@10: 0.03706845781714783
NDCG@10: 0.05108167215942486
1-call@10: 0.2646527239865737
29.980570793151855
The time elapse of epoch 043 is: 00: 02: 10
tensor([ 0.1331, -0.2105,  0.5856,  0.1218, -0.1182,  0.9069,  0.3926,  0.3970,
        -0.2398, -0.2660, -0.0802, -0.3118,  0.4928,  0.0183,  0.5289,  0.8524,
        -0.2175, -0.0073,  0.3385,  0.1383,  0.2251,  0.2667, -0.1969,  0.8118,
        -0.4077,  0.0018, -0.2589, -0.5286, -0.5521, -0.0365, -0.3352, -0.3359],
       grad_fn=<SelectBackward0>) tensor([-0.8564,  0.0032, -0.6175, -1.0161,  0.6126, -0.0965,  0.3279, -0.2783,
         0.5715,  0.0920,  0.4645, -0.5246,  0.1294, -0.1273,  0.0944, -0.2931,
         0.1486,  0.6719, -0.8601, -0.6034, -0.7143,  0.4955,  0.6788, -0.7129,
         0.8299, -0.6004, -0.0544, -0.5345, -0.1683, -0.3459,  0.3307,  0.6278],
       grad_fn=<SelectBackward0>)
the validation AUC is : 0.776623348824573
total_test_data_count: 3873
MAP: 0.020565037601778743
MRR: 0.17239761414819557
Prec@10: 0.034366124451329215
Rec@10: 0.05309533196153255
F1@10: 0.03697339416772091
NDCG@10: 0.05104703168688769
1-call@10: 0.26491092176607284
32.875290393829346
The time elapse of epoch 044 is: 00: 02: 17
tensor([ 0.1341, -0.2095,  0.5960,  0.1307, -0.1229,  0.9211,  0.3984,  0.4061,
        -0.2513, -0.2706, -0.0809, -0.3173,  0.4942,  0.0158,  0.5392,  0.8665,
        -0.2202, -0.0091,  0.3372,  0.1521,  0.2273,  0.2660, -0.2019,  0.8246,
        -0.4195,  0.0044, -0.2611, -0.5300, -0.5659, -0.0407, -0.3495, -0.3364],
       grad_fn=<SelectBackward0>) tensor([-0.8691, -0.0071, -0.6251, -1.0288,  0.6122, -0.0853,  0.3258, -0.2932,
         0.5720,  0.0854,  0.4597, -0.5236,  0.1403, -0.1152,  0.1114, -0.2878,
         0.1447,  0.6735, -0.8696, -0.6069, -0.7179,  0.4945,  0.6780, -0.7172,
         0.8363, -0.5991, -0.0508, -0.5343, -0.1872, -0.3648,  0.3257,  0.6287],
       grad_fn=<SelectBackward0>)
The test AUC is: 0.7786411265902926
total_test_data_count: 3873
MAP: 0.020462442286530127
MRR: 0.17168819432568486
Prec@10: 0.03439194422927911
Rec@10: 0.05324227727358019
F1@10: 0.037086674799565233
NDCG@10: 0.05092039905597136
1-call@10: 0.26749289956106376
13.558374404907227
The time elapse of epoch 045 is: 00: 01: 40
